1965,1,-0.524,0.199,-0.702,0.079,-0.288,0.057,-0.048,0.069,-0.156,0.048
1965,2,-3.061,0.205,-0.692,0.085,-0.287,0.057,-0.070,0.070,-0.152,0.048
1965,3,-0.015,0.234,-0.807,0.078,-0.272,0.056,-0.043,0.068,-0.145,0.048
1965,4,0.158,0.240,-0.855,0.081,-0.293,0.056,-0.044,0.067,-0.151,0.047
1965,5,0.279,0.282,-0.920,0.087,-0.307,0.056,-0.067,0.067,-0.148,0.047
1965,6,-0.646,0.265,-0.609,0.097,-0.293,0.058,-0.069,0.067,-0.148,0.047
1965,7,-0.713,0.296,-0.812,0.100,-0.301,0.061,-0.067,0.066,-0.147,0.047
1965,8,-0.596,0.188,-0.482,0.104,-0.305,0.061,-0.068,0.066,-0.149,0.047
1965,9,-1.946,0.321,-0.356,0.117,-0.234,0.061,-0.075,0.065,-0.147,0.047
1965,10,-0.539,0.310,-0.477,0.120,-0.253,0.062,-0.075,0.066,-0.153,0.047
1965,11,-0.868,0.326,-0.525,0.131,-0.247,0.062,-0.071,0.065,-0.145,0.047
1965,12,1.163,0.243,-0.453,0.133,-0.254,0.062,-0.111,0.065,-0.144,0.048
1966,1,-2.956,0.216,-0.371,0.112,-0.278,0.065,-0.126,0.064,-0.147,0.048
1966,2,0.896,0.244,-0.301,0.113,-0.307,0.066,-0.123,0.063,-0.146,0.048
1966,3,1.491,0.288,-0.028,0.121,-0.284,0.069,-0.109,0.061,-0.147,0.047
1966,4,-1.285,0.259,-0.042,0.114,-0.295,0.068,-0.102,0.060,-0.135,0.047
1966,5,-0.301,0.232,-0.226,0.100,-0.294,0.069,-0.090,0.059,-0.124,0.047
1966,6,0.220,0.275,-0.255,0.099,-0.312,0.070,-0.092,0.058,-0.122,0.046
1966,7,0.269,0.243,0.032,0.099,-0.357,0.071,-0.100,0.059,-0.121,0.045
1966,8,0.249,0.248,-0.288,0.095,-0.353,0.071,-0.104,0.058,-0.119,0.044
1966,9,1.323,0.318,-0.613,0.091,-0.277,0.072,-0.093,0.058,-0.110,0.044
1966,10,-0.703,0.160,-0.708,0.083,-0.244,0.070,-0.074,0.057,-0.110,0.043
1966,11,-3.072,0.223,-0.760,0.085,-0.259,0.070,-0.081,0.057,-0.109,0.043
1966,12,0.807,0.257,-0.799,0.088,-0.269,0.070,-0.098,0.057,-0.106,0.042
1967,1,0.495,0.212,-0.844,0.094,-0.276,0.070,-0.122,0.057,-0.082,0.042
1967,2,-2.946,0.266,-0.838,0.103,-0.259,0.074,-0.131,0.057,-0.064,0.041
1967,3,-2.419,0.304,-0.854,0.098,-0.257,0.074,-0.154,0.055,-0.063,0.042
1967,4,-2.418,0.324,-0.775,0.109,-0.261,0.074,-0.164,0.055,-0.055,0.042
1967,5,-0.921,0.259,-0.524,0.115,-0.246,0.074,-0.158,0.054,-0.044,0.042
1967,6,-0.252,0.175,-0.403,0.113,-0.129,0.075,-0.167,0.053,-0.039,0.042
1967,7,-0.271,0.279,-0.504,0.113,-0.121,0.074,-0.177,0.054,-0.041,0.043
1967,8,0.320,0.301,-0.216,0.112,-0.066,0.074,-0.181,0.053,-0.043,0.043
1967,9,1.132,0.231,0.208,0.114,-0.049,0.076,-0.203,0.052,-0.046,0.044
1967,10,0.240,0.287,0.435,0.109,-0.060,0.074,-0.236,0.052,-0.042,0.044
1967,11,-0.058,0.255,0.481,0.105,-0.088,0.078,-0.253,0.051,-0.041,0.044
1967,12,2.269,0.242,0.464,0.109,-0.070,0.079,-0.296,0.052,-0.050,0.043
1968,1,-0.721,0.233,0.404,0.113,-0.052,0.076,-0.278,0.052,-0.070,0.042
1968,2,0.506,0.257,0.262,0.110,-0.035,0.078,-0.294,0.051,-0.054,0.041
1968,3,2.667,0.292,0.281,0.110,-0.009,0.077,-0.260,0.050,-0.072,0.042
1968,4,0.308,0.316,0.401,0.106,0.007,0.078,-0.274,0.050,-0.075,0.042
1968,5,-0.361,0.245,0.470,0.106,0.019,0.075,-0.257,0.050,-0.079,0.042
1968,6,-0.460,0.256,0.241,0.105,-0.052,0.074,-0.251,0.049,-0.081,0.042
1968,7,-0.989,0.226,0.212,0.106,-0.023,0.073,-0.249,0.049,-0.085,0.042
1968,8,-1.383,0.256,0.387,0.109,-0.022,0.071,-0.243,0.050,-0.091,0.041
1968,9,1.360,0.352,0.175,0.120,-0.037,0.069,-0.237,0.050,-0.094,0.041
1968,10,1.676,0.171,0.199,0.119,-0.006,0.068,-0.243,0.049,-0.103,0.041
1968,11,0.773,0.220,0.150,0.119,0.009,0.067,-0.258,0.049,-0.110,0.041
1968,12,-0.482,0.225,0.085,0.118,0.015,0.067,-0.256,0.049,-0.105,0.039
1969,1,-1.069,0.241,0.133,0.110,0.006,0.069,-0.290,0.048,-0.100,0.039
1969,2,2.611,0.199,0.275,0.108,0.005,0.068,-0.318,0.048,-0.122,0.039
1969,3,0.120,0.354,0.122,0.099,-0.008,0.065,-0.307,0.048,-0.122,0.040
1969,4,0.592,0.267,-0.035,0.098,0.023,0.066,-0.307,0.047,-0.122,0.040
1969,5,-0.945,0.187,-0.029,0.092,0.062,0.067,-0.317,0.047,-0.117,0.040
1969,6,-1.248,0.192,0.380,0.090,0.002,0.065,-0.310,0.046,-0.115,0.040
1969,7,-0.410,0.267,0.466,0.089,-0.059,0.064,-0.309,0.045,-0.114,0.040
1969,8,0.317,0.276,0.266,0.091,-0.082,0.065,-0.307,0.048,-0.112,0.039
1969,9,-0.476,0.239,0.341,0.090,-0.057,0.063,-0.313,0.048,-0.112,0.039
1969,10,-0.205,0.162,0.252,0.107,-0.051,0.063,-0.329,0.048,-0.102,0.038
1969,11,0.851,0.284,0.211,0.107,-0.043,0.062,-0.318,0.047,-0.088,0.038
1969,12,4.419,0.237,0.352,0.118,-0.050,0.061,-0.277,0.049,-0.095,0.038
1970,1,-0.033,0.201,0.418,0.105,-0.067,0.063,-0.282,0.048,-0.097,0.038
1970,2,0.214,0.203,0.425,0.117,-0.076,0.062,-0.258,0.048,-0.098,0.038
1970,3,1.018,0.313,0.433,0.119,-0.133,0.058,-0.268,0.048,-0.085,0.036
1970,4,-0.476,0.287,0.488,0.129,-0.180,0.059,-0.270,0.046,-0.076,0.035
1970,5,-1.439,0.195,0.405,0.116,-0.198,0.059,-0.262,0.046,-0.074,0.035
1970,6,0.446,0.300,-0.222,0.113,-0.299,0.059,-0.245,0.046,-0.077,0.035
1970,7,0.383,0.191,-0.322,0.111,-0.256,0.056,-0.230,0.044,-0.079,0.034
1970,8,0.400,0.287,-0.260,0.114,-0.282,0.053,-0.226,0.045,-0.080,0.034
1970,9,-0.380,0.227,-0.295,0.103,-0.287,0.053,-0.208,0.045,-0.086,0.034
1970,10,0.455,0.290,-0.210,0.104,-0.295,0.052,-0.203,0.044,-0.086,0.033
1970,11,-0.146,0.249,-0.040,0.109,-0.268,0.053,-0.200,0.042,-0.078,0.033
1970,12,-3.108,0.228,-0.029,0.114,-0.248,0.054,-0.221,0.042,-0.097,0.033
1971,1,-1.228,0.244,-0.081,0.117,-0.221,0.052,-0.190,0.040,-0.072,0.032
1971,2,0.958,0.306,-0.101,0.097,-0.180,0.052,-0.200,0.039,-0.057,0.032
1971,3,0.598,0.236,-0.020,0.093,-0.189,0.048,-0.225,0.039,-0.032,0.031
1971,4,0.544,0.298,0.037,0.094,-0.191,0.047,-0.194,0.037,-0.033,0.032
1971,5,0.594,0.252,-0.012,0.099,-0.223,0.046,-0.186,0.037,-0.026,0.032
1971,6,0.583,0.215,0.012,0.102,-0.201,0.045,-0.187,0.036,-0.031,0.032
1971,7,-0.240,0.219,-0.148,0.105,-0.224,0.043,-0.189,0.033,-0.031,0.032
1971,8,0.159,0.218,-0.588,0.092,-0.283,0.043,-0.191,0.030,-0.028,0.031
1971,9,0.585,0.259,-0.713,0.075,-0.336,0.040,-0.195,0.029,-0.022,0.031
1971,10,1.146,0.251,-0.931,0.072,-0.370,0.041,-0.197,0.029,-0.016,0.031
1971,11,-0.733,0.191,-1.015,0.074,-0.375,0.040,-0.166,0.029,-0.003,0.031
1971,12,-2.822,0.293,-1.121,0.070,-0.351,0.040,-0.187,0.028,0.011,0.030
1972,1,-3.154,0.231,-1.207,0.074,-0.342,0.038,-0.163,0.027,-0.004,0.030
1972,2,-4.323,0.269,-1.239,0.077,-0.355,0.038,-0.107,0.026,0.004,0.029
1972,3,-0.894,0.286,-1.479,0.077,-0.370,0.039,-0.062,0.026,-0.008,0.029
1972,4,-2.073,0.193,-1.791,0.082,-0.398,0.039,-0.028,0.027,-0.013,0.027
1972,5,-0.419,0.250,-1.824,0.081,-0.391,0.039,-0.006,0.026,-0.009,0.027
1972,6,-0.685,0.320,-1.905,0.081,-0.425,0.041,0.001,0.025,-0.012,0.026
1972,7,-1.272,0.290,-1.486,0.080,-0.444,0.041,-0.001,0.025,-0.010,0.026
1972,8,-0.220,0.236,-1.215,0.075,-0.450,0.041,-0.010,0.024,-0.017,0.026
1972,9,-2.294,0.296,-0.943,0.072,-0.487,0.039,-0.016,0.024,-0.017,0.025
1972,10,-2.599,0.282,-0.783,0.073,-0.480,0.036,-0.009,0.023,-0.022,0.024
1972,11,-1.133,0.208,-0.646,0.075,-0.435,0.035,-0.006,0.024,-0.036,0.024
1972,12,-3.791,0.216,-0.526,0.077,-0.419,0.034,-0.043,0.023,-0.042,0.025
1973,1,1.877,0.204,-0.367,0.076,-0.408,0.034,-0.032,0.022,-0.035,0.025
1973,2,-1.073,0.260,-0.258,0.074,-0.416,0.036,-0.012,0.022,-0.037,0.025
1973,3,2.365,0.218,-0.000,0.070,-0.406,0.037,-0.041,0.021,-0.030,0.025
1973,4,-0.151,0.267,0.345,0.078,-0.413,0.037,-0.049,0.022,-0.034,0.025
1973,5,1.223,0.199,0.346,0.077,-0.418,0.036,-0.048,0.022,-0.041,0.024
1973,6,0.759,0.257,0.731,0.077,-0.390,0.037,-0.053,0.022,-0.038,0.023
1973,7,0.632,0.220,0.370,0.083,-0.357,0.038,-0.051,0.021,-0.039,0.023
1973,8,1.094,0.294,0.383,0.084,-0.379,0.038,-0.047,0.020,-0.037,0.023
1973,9,0.795,0.162,-0.068,0.096,-0.413,0.037,-0.061,0.020,-0.035,0.023
1973,10,1.540,0.199,-0.179,0.114,-0.381,0.036,-0.089,0.021,-0.044,0.022
1973,11,-1.114,0.148,-0.384,0.119,-0.381,0.038,-0.115,0.021,-0.037,0.022
1973,12,0.829,0.166,-0.429,0.113,-0.389,0.039,-0.107,0.021,-0.052,0.022
1974,1,-2.454,0.284,-0.471,0.103,-0.384,0.035,-0.087,0.022,-0.058,0.021
1974,2,-0.921,0.264,-0.605,0.106,-0.387,0.033,-0.163,0.021,-0.054,0.021
1974,3,-3.049,0.276,-0.781,0.119,-0.381,0.032,-0.163,0.022,-0.032,0.021
1974,4,-1.487,0.252,-1.067,0.120,-0.417,0.033,-0.171,0.022,-0.016,0.021
1974,5,-1.234,0.181,-0.869,0.112,-0.395,0.034,-0.164,0.022,-0.015,0.021
1974,6,0.222,0.203,-0.742,0.120,-0.375,0.035,-0.156,0.022,-0.010,0.020
1974,7,0.131,0.181,-0.633,0.127,-0.267,0.034,-0.147,0.022,-0.008,0.020
1974,8,-0.512,0.249,-0.572,0.128,-0.132,0.035,-0.154,0.023,-0.001,0.021
1974,9,-1.328,0.358,-0.418,0.099,-0.068,0.034,-0.148,0.023,-0.004,0.020
1974,10,-1.889,0.208,-0.298,0.089,-0.006,0.035,-0.146,0.024,-0.006,0.020
1974,11,1.262,0.195,-0.090,0.089,0.030,0.036,-0.137,0.025,-0.011,0.019
1974,12,2.358,0.306,0.008,0.078,0.051,0.037,-0.155,0.024,-0.012,0.019
1975,1,-1.144,0.221,0.086,0.079,0.064,0.039,-0.146,0.024,0.006,0.019
1975,2,-0.193,0.187,0.120,0.086,0.055,0.039,-0.126,0.023,0.012,0.019
1975,3,-1.205,0.251,0.250,0.079,0.101,0.038,-0.128,0.023,0.018,0.019
1975,4,-0.042,0.256,0.411,0.078,0.162,0.040,-0.108,0.023,0.013,0.019
1975,5,1.260,0.202,0.267,0.076,0.187,0.040,-0.080,0.024,0.016,0.019
1975,6,1.392,0.322,-0.047,0.079,0.213,0.040,-0.085,0.025,0.018,0.019
1975,7,1.068,0.260,0.114,0.075,0.191,0.039,-0.090,0.025,0.020,0.019
1975,8,-0.105,0.402,0.099,0.072,0.257,0.038,-0.091,0.027,0.019,0.019
1975,9,0.233,0.196,0.075,0.069,0.205,0.038,-0.098,0.028,0.028,0.018
1975,10,0.052,0.178,0.286,0.068,0.197,0.037,-0.097,0.029,0.028,0.018
1975,11,-0.471,0.166,0.231,0.071,0.172,0.038,-0.085,0.030,0.017,0.018
1975,12,-1.406,0.226,0.126,0.080,0.143,0.038,-0.084,0.030,0.019,0.017
1976,1,0.783,0.145,0.038,0.078,0.118,0.040,-0.018,0.031,0.043,0.017
1976,2,-0.370,0.180,0.049,0.113,0.086,0.042,0.009,0.031,0.045,0.017
1976,3,-1.486,0.202,0.104,0.123,0.067,0.043,0.046,0.032,0.042,0.017
1976,4,2.480,0.216,0.017,0.111,0.014,0.043,0.035,0.034,0.048,0.017
1976,5,0.603,0.300,0.106,0.112,-0.007,0.043,0.038,0.034,0.053,0.017
1976,6,0.131,0.300,0.086,0.122,-0.013,0.045,0.031,0.034,0.048,0.017
1976,7,0.009,0.550,0.300,0.120,0.049,0.044,0.038,0.036,0.044,0.017
1976,8,0.026,0.542,0.644,0.125,-0.043,0.046,0.048,0.036,0.041,0.017
1976,9,0.899,0.163,1.014,0.121,0.010,0.046,0.049,0.035,0.032,0.017
1976,10,-0.991,0.251,0.946,0.110,0.028,0.046,0.042,0.036,0.031,0.017
1976,11,0.590,0.165,1.042,0.122,0.048,0.049,0.074,0.036,0.026,0.017
1976,12,-1.641,0.153,1.078,0.114,0.039,0.047,0.119,0.037,0.035,0.017
1977,1,3.348,0.207,1.033,0.080,0.047,0.047,0.114,0.036,0.052,0.017
1977,2,3.762,0.257,0.970,0.062,0.047,0.049,0.139,0.037,0.077,0.017
1977,3,2.949,0.211,0.931,0.066,0.073,0.051,0.138,0.037,0.094,0.017
1977,4,1.664,0.204,1.103,0.075,0.105,0.051,0.138,0.037,0.112,0.017
1977,5,1.753,0.384,1.084,0.080,0.117,0.051,0.140,0.037,0.115,0.017
1977,6,0.566,0.198,1.035,0.088,0.115,0.053,0.144,0.038,0.118,0.017
1977,7,-0.528,0.199,0.802,0.085,0.152,0.052,0.157,0.040,0.120,0.017
1977,8,-0.735,0.247,0.733,0.090,0.198,0.053,0.147,0.040,0.114,0.018
1977,9,0.431,0.232,0.423,0.085,0.231,0.053,0.168,0.040,0.117,0.018
1977,10,1.081,0.221,0.232,0.092,0.265,0.054,0.192,0.040,0.117,0.018
1977,11,0.365,0.230,0.064,0.091,0.274,0.055,0.181,0.041,0.123,0.018
1977,12,-2.232,0.247,-0.069,0.094,0.250,0.055,0.212,0.042,0.133,0.018
1978,1,0.550,0.239,-0.094,0.100,0.227,0.055,0.208,0.041,0.139,0.018
1978,2,2.933,0.223,-0.106,0.095,0.234,0.061,0.219,0.041,0.137,0.018
1978,3,-0.771,0.200,-0.168,0.093,0.210,0.063,0.201,0.041,0.138,0.019
1978,4,-0.633,0.205,-0.396,0.090,0.219,0.064,0.205,0.040,0.145,0.019
1978,5,-0.261,0.208,-0.623,0.097,0.249,0.063,0.175,0.040,0.150,0.019
1978,6,-1.034,0.193,-0.400,0.106,0.222,0.065,0.175,0.040,0.155,0.019
1978,7,-0.827,0.415,-0.337,0.107,0.321,0.066,0.172,0.040,0.161,0.019
1978,8,-0.871,0.208,-1.121,0.107,0.396,0.065,0.170,0.039,0.170,0.019
1978,9,-0.321,0.228,-1.042,0.108,0.505,0.066,0.167,0.040,0.167,0.019
1978,10,-1.651,0.230,-1.024,0.101,0.450,0.065,0.155,0.040,0.162,0.019
1978,11,-2.356,0.270,-1.006,0.112,0.457,0.064,0.184,0.039,0.157,0.020
1978,12,0.438,0.259,-0.948,0.111,0.451,0.063,0.153,0.039,0.161,0.020
1979,1,1.312,0.225,-0.825,0.100,0.459,0.059,0.173,0.038,0.167,0.020
1979,2,-6.478,0.188,-0.797,0.100,0.482,0.055,0.211,0.040,0.156,0.020
1979,3,0.174,0.230,-0.753,0.104,0.479,0.056,0.242,0.041,0.144,0.021
1979,4,-0.411,0.272,-0.610,0.110,0.501,0.058,0.275,0.043,0.146,0.021
1979,5,-0.052,0.417,-0.247,0.119,0.543,0.059,0.286,0.044,0.149,0.021
1979,6,-0.335,0.279,-0.098,0.109,0.614,0.059,0.290,0.043,0.158,0.021
1979,7,0.646,0.227,-0.118,0.100,0.495,0.058,0.293,0.043,0.165,0.021
1979,8,-0.527,0.231,0.634,0.097,0.410,0.058,0.305,0.044,0.167,0.021
1979,9,0.207,0.195,0.687,0.090,0.344,0.059,0.306,0.045,0.172,0.021
1979,10,0.057,0.249,0.883,0.097,0.281,0.058,0.318,0.045,0.173,0.022
1979,11,2.004,0.264,1.042,0.099,0.250,0.060,0.297,0.045,0.158,0.022
1979,12,2.226,0.184,1.065,0.106,0.237,0.060,0.254,0.046,0.134,0.023
1980,1,1.073,0.272,0.985,0.116,0.249,0.062,0.294,0.047,0.142,0.023
1980,2,2.542,0.260,1.055,0.131,0.239,0.062,0.282,0.048,0.129,0.024
1980,3,0.818,0.340,0.938,0.139,0.235,0.060,0.304,0.046,0.138,0.024
1980,4,1.940,0.434,0.980,0.154,0.221,0.058,0.296,0.045,0.143,0.025
1980,5,1.855,0.267,0.925,0.171,0.175,0.061,0.293,0.044,0.149,0.025
1980,6,-0.065,0.348,0.488,0.169,0.210,0.062,0.281,0.044,0.149,0.025
1980,7,-0.314,0.297,0.959,0.174,0.226,0.062,0.270,0.044,0.150,0.025
1980,8,0.323,0.514,1.092,0.170,0.180,0.061,0.265,0.046,0.149,0.025
1980,9,-1.199,0.251,1.442,0.162,0.197,0.062,0.264,0.047,0.153,0.025
1980,10,0.558,0.194,1.215,0.147,0.214,0.062,0.259,0.047,0.146,0.026
1980,11,1.339,0.289,1.146,0.136,0.178,0.062,0.233,0.047,0.138,0.026
1980,12,-3.007,0.225,1.130,0.124,0.208,0.064,0.260,0.047,0.141,0.027
1981,1,6.717,0.307,1.199,0.118,0.226,0.060,0.276,0.047,0.141,0.027
1981,2,4.140,0.204,1.286,0.105,0.254,0.059,0.291,0.047,0.148,0.027
1981,3,5.017,0.280,1.448,0.104,0.267,0.059,0.309,0.046,0.150,0.027
1981,4,-0.777,0.218,1.428,0.105,0.297,0.060,0.290,0.045,0.154,0.027
1981,5,1.024,0.230,1.578,0.097,0.375,0.061,0.293,0.045,0.157,0.026
1981,6,-0.264,0.221,2.043,0.098,0.320,0.060,0.282,0.044,0.159,0.026
1981,7,0.519,0.192,1.169,0.088,0.298,0.061,0.277,0.040,0.162,0.026
1981,8,1.365,0.179,0.711,0.087,0.465,0.061,0.272,0.037,0.166,0.025
1981,9,0.749,0.233,0.208,0.086,0.473,0.065,0.259,0.037,0.164,0.025
1981,10,0.314,0.213,0.099,0.083,0.522,0.066,0.258,0.038,0.153,0.025
1981,11,3.138,0.286,0.005,0.091,0.525,0.066,0.219,0.039,0.152,0.025
1981,12,2.570,0.213,0.007,0.098,0.541,0.066,0.257,0.038,0.165,0.025
1982,1,-3.767,0.349,-0.017,0.099,0.540,0.069,0.267,0.038,0.191,0.025
1982,2,-1.354,0.198,-0.243,0.101,0.563,0.069,0.262,0.037,0.210,0.025
1982,3,-1.017,0.248,-0.288,0.099,0.539,0.070,0.250,0.037,0.224,0.025
1982,4,-2.089,0.185,-0.296,0.102,0.531,0.071,0.252,0.038,0.229,0.025
1982,5,-0.104,0.251,-0.758,0.100,0.477,0.075,0.236,0.037,0.228,0.025
1982,6,-0.234,0.231,-0.981,0.093,0.392,0.075,0.235,0.038,0.227,0.025
1982,7,0.229,0.220,-0.545,0.093,0.436,0.076,0.241,0.038,0.227,0.026
1982,8,-1.354,0.204,-0.415,0.093,0.367,0.073,0.239,0.038,0.226,0.026
1982,9,0.212,0.186,-0.309,0.101,0.376,0.067,0.249,0.038,0.230,0.026
1982,10,0.224,0.235,-0.106,0.103,0.327,0.063,0.243,0.038,0.239,0.027
1982,11,-2.408,0.323,-0.296,0.107,0.311,0.060,0.251,0.038,0.247,0.027
1982,12,-0.112,0.363,-0.215,0.114,0.312,0.059,0.310,0.037,0.260,0.027
1983,1,1.468,0.266,-0.214,0.114,0.312,0.058,0.310,0.038,0.260,0.027
1983,2,0.204,0.220,-0.034,0.111,0.295,0.057,0.286,0.037,0.263,0.027
1983,3,0.256,0.225,-0.010,0.111,0.318,0.058,0.317,0.039,0.263,0.026
1983,4,0.347,0.299,-0.016,0.111,0.300,0.058,0.339,0.040,0.267,0.025
1983,5,-2.379,0.248,0.377,0.102,0.218,0.061,0.347,0.040,0.267,0.025
1983,6,0.736,0.280,0.148,0.120,0.297,0.060,0.362,0.040,0.265,0.025
1983,7,0.239,0.254,0.023,0.117,0.232,0.060,0.374,0.039,0.264,0.025
1983,8,0.811,0.201,0.301,0.112,0.185,0.061,0.387,0.038,0.260,0.025
1983,9,0.494,0.247,0.339,0.118,0.114,0.058,0.395,0.038,0.256,0.025
1983,10,0.149,0.329,0.518,0.112,0.129,0.060,0.412,0.039,0.249,0.025
1983,11,2.310,0.265,0.727,0.105,0.128,0.060,0.430,0.041,0.248,0.026
1983,12,-2.862,0.352,0.718,0.107,0.113,0.061,0.429,0.041,0.252,0.027
1984,1,-0.022,0.194,0.745,0.111,0.094,0.060,0.421,0.041,0.252,0.026
1984,2,3.539,0.320,0.749,0.107,0.063,0.061,0.475,0.041,0.241,0.027
1984,3,0.708,0.234,0.604,0.103,0.039,0.062,0.451,0.042,0.264,0.027
1984,4,2.491,0.299,0.560,0.104,0.015,0.066,0.462,0.042,0.271,0.027
1984,5,0.130,0.183,0.263,0.106,-0.105,0.069,0.462,0.042,0.280,0.027
1984,6,0.631,0.270,0.264,0.105,-0.100,0.067,0.472,0.043,0.284,0.027
1984,7,0.560,0.267,0.575,0.108,0.039,0.063,0.476,0.043,0.287,0.027
1984,8,0.860,0.242,0.145,0.109,0.114,0.063,0.489,0.043,0.291,0.027
1984,9,-1.240,0.265,0.199,0.096,0.156,0.062,0.493,0.043,0.301,0.028
1984,10,-0.384,0.286,-0.091,0.098,0.222,0.061,0.491,0.045,0.317,0.028
1984,11,-1.260,0.237,-0.026,0.102,0.221,0.060,0.452,0.047,0.316,0.029
1984,12,-2.842,0.247,-0.078,0.111,0.233,0.060,0.424,0.048,0.315,0.029
1985,1,3.708,0.299,-0.153,0.106,0.232,0.059,0.429,0.048,0.336,0.030
1985,2,-1.619,0.196,-0.281,0.120,0.238,0.059,0.384,0.047,0.336,0.030
1985,3,1.354,0.190,-0.162,0.110,0.263,0.057,0.405,0.046,0.343,0.030
1985,4,-0.989,0.209,-0.176,0.123,0.265,0.056,0.394,0.044,0.349,0.029
1985,5,0.912,0.176,-0.371,0.131,0.328,0.058,0.379,0.044,0.347,0.029
1985,6,-0.002,0.325,0.013,0.128,0.410,0.058,0.383,0.043,0.350,0.029
1985,7,-0.339,0.209,-0.064,0.134,0.395,0.061,0.390,0.042,0.344,0.029
1985,8,-0.675,0.218,0.184,0.133,0.391,0.061,0.390,0.041,0.346,0.030
1985,9,0.187,0.258,0.132,0.135,0.436,0.062,0.404,0.041,0.348,0.030
1985,10,-0.547,0.389,0.225,0.136,0.465,0.060,0.389,0.040,0.350,0.030
1985,11,-3.601,0.354,0.228,0.140,0.516,0.059,0.361,0.041,0.345,0.030
1985,12,1.765,0.276,0.134,0.138,0.516,0.059,0.365,0.042,0.347,0.030
1986,1,2.780,0.242,0.109,0.149,0.523,0.059,0.300,0.041,0.336,0.030
1986,2,1.365,0.205,0.124,0.149,0.521,0.057,0.287,0.040,0.345,0.029
1986,3,0.722,0.193,0.052,0.148,0.523,0.058,0.254,0.040,0.349,0.029
1986,4,0.134,0.201,0.005,0.149,0.527,0.056,0.274,0.041,0.340,0.029
1986,5,0.951,0.250,-0.034,0.153,0.485,0.056,0.276,0.041,0.333,0.029
1986,6,-1.130,0.337,0.056,0.135,0.537,0.055,0.288,0.041,0.337,0.029
1986,7,-0.646,0.252,0.208,0.133,0.544,0.055,0.286,0.040,0.339,0.027
1986,8,-0.490,0.344,0.354,0.128,0.486,0.054,0.284,0.039,0.340,0.026
1986,9,-0.682,0.193,0.421,0.118,0.428,0.052,0.279,0.039,0.340,0.026
1986,10,-1.109,0.267,0.564,0.115,0.403,0.052,0.264,0.040,0.339,0.026
1986,11,-4.070,0.237,0.472,0.109,0.399,0.053,0.230,0.039,0.332,0.026
1986,12,2.849,0.190,0.607,0.100,0.404,0.052,0.211,0.038,0.343,0.027
1987,1,4.601,0.177,0.675,0.097,0.413,0.051,0.269,0.036,0.331,0.027
1987,2,3.114,0.176,0.633,0.081,0.415,0.050,0.282,0.036,0.321,0.026
1987,3,1.535,0.193,0.832,0.081,0.447,0.050,0.310,0.036,0.304,0.026
1987,4,1.850,0.195,0.952,0.078,0.452,0.051,0.320,0.035,0.296,0.026
1987,5,-0.161,0.179,1.405,0.078,0.427,0.051,0.315,0.036,0.286,0.026
1987,6,0.494,0.235,1.568,0.081,0.455,0.050,0.310,0.036,0.288,0.026
1987,7,0.166,0.291,1.233,0.087,0.422,0.051,0.298,0.036,0.293,0.026
1987,8,-0.991,0.171,0.973,0.090,0.402,0.052,0.305,0.035,0.297,0.026
1987,9,1.704,0.256,1.088,0.093,0.434,0.051,0.292,0.035,0.301,0.026
1987,10,0.337,0.188,1.108,0.086,0.462,0.050,0.287,0.034,0.292,0.026
1987,11,1.361,0.178,1.178,0.096,0.447,0.050,0.312,0.035,0.298,0.027
1987,12,4.802,0.235,1.200,0.094,0.454,0.051,0.309,0.034,0.326,0.026
1988,1,0.588,0.213,1.237,0.090,0.468,0.050,0.311,0.034,0.323,0.027
1988,2,-0.012,0.186,1.380,0.088,0.484,0.050,0.306,0.034,0.331,0.027
1988,3,2.916,0.268,1.291,0.079,0.490,0.048,0.324,0.033,0.343,0.027
1988,4,2.092,0.163,1.293,0.088,0.477,0.050,0.329,0.031,0.362,0.027
1988,5,0.677,0.268,1.161,0.092,0.504,0.054,0.359,0.031,0.375,0.027
1988,6,0.760,0.302,0.786,0.097,0.433,0.054,0.356,0.031,0.387,0.027
1988,7,0.615,0.235,0.767,0.100,0.368,0.053,0.355,0.031,0.398,0.027
1988,8,0.722,0.237,0.773,0.101,0.388,0.052,0.351,0.031,0.408,0.027
1988,9,0.629,0.236,0.302,0.104,0.393,0.051,0.344,0.032,0.419,0.027
1988,10,0.368,0.337,0.206,0.115,0.419,0.052,0.342,0.031,0.433,0.027
1988,11,-0.224,0.191,0.144,0.108,0.425,0.053,0.313,0.032,0.455,0.028
1988,12,0.301,0.235,0.156,0.113,0.462,0.054,0.351,0.032,0.465,0.028
1989,1,0.359,0.242,0.198,0.106,0.478,0.054,0.330,0.031,0.465,0.028
1989,2,0.056,0.197,0.218,0.102,0.505,0.051,0.271,0.030,0.508,0.028
1989,3,-2.733,0.275,0.224,0.113,0.518,0.051,0.286,0.029,0.525,0.028
1989,4,0.941,0.245,0.184,0.114,0.512,0.052,0.266,0.028,0.537,0.028
1989,5,-0.069,0.313,-0.024,0.115,0.565,0.051,0.273,0.029,0.541,0.029
1989,6,0.909,0.242,-0.149,0.104,0.523,0.052,0.277,0.029,0.546,0.029
1989,7,1.114,0.213,-0.033,0.102,0.498,0.052,0.281,0.029,0.543,0.030
1989,8,0.970,0.157,-0.275,0.096,0.449,0.051,0.277,0.030,0.548,0.030
1989,9,0.701,0.259,0.227,0.096,0.464,0.050,0.297,0.029,0.553,0.030
1989,10,-0.116,0.244,0.206,0.105,0.418,0.046,0.315,0.029,0.551,0.031
1989,11,-2.715,0.190,0.215,0.103,0.409,0.046,0.334,0.028,0.552,0.032
1989,12,-1.201,0.248,0.172,0.097,0.386,0.043,0.377,0.028,0.557,0.031
1990,1,1.744,0.240,0.122,0.095,0.363,0.040,0.377,0.028,0.559,0.031
1990,2,-2.849,0.218,0.065,0.094,0.371,0.039,0.389,0.027,0.561,0.030
1990,3,3.293,0.242,0.049,0.088,0.322,0.035,0.383,0.028,0.576,0.030
1990,4,0.687,0.245,-0.049,0.085,0.309,0.035,0.402,0.027,0.569,0.029
1990,5,0.041,0.196,0.012,0.087,0.297,0.036,0.401,0.028,0.560,0.029
1990,6,0.391,0.228,-0.097,0.094,0.208,0.038,0.418,0.027,0.559,0.029
1990,7,0.519,0.178,-0.335,0.087,0.228,0.040,0.419,0.028,0.564,0.029
1990,8,0.283,0.276,0.115,0.089,0.221,0.039,0.427,0.027,0.563,0.029
1990,9,0.514,0.419,-0.072,0.082,0.212,0.038,0.431,0.027,0.568,0.029
1990,10,-1.298,0.206,0.010,0.078,0.192,0.039,0.440,0.027,0.567,0.029
1990,11,-1.979,0.329,0.117,0.075,0.202,0.038,0.457,0.027,0.569,0.029
1990,12,-2.515,0.258,0.176,0.078,0.195,0.039,0.435,0.027,0.577,0.029
1991,1,-1.114,0.216,0.160,0.081,0.188,0.039,0.395,0.027,0.570,0.029
1991,2,2.553,0.160,0.227,0.077,0.182,0.039,0.400,0.026,0.554,0.029
1991,3,1.058,0.180,0.193,0.066,0.165,0.038,0.389,0.027,0.546,0.029
1991,4,1.668,0.233,0.182,0.060,0.157,0.037,0.390,0.027,0.553,0.029
1991,5,1.322,0.229,0.271,0.064,0.141,0.037,0.374,0.028,0.555,0.029
1991,6,1.100,0.186,0.506,0.071,0.164,0.038,0.392,0.028,0.558,0.029
1991,7,0.328,0.184,0.860,0.076,0.117,0.040,0.402,0.029,0.560,0.029
1991,8,1.085,0.234,0.662,0.083,0.055,0.039,0.408,0.028,0.560,0.030
1991,9,0.112,0.198,0.777,0.086,0.144,0.036,0.421,0.028,0.565,0.030
1991,10,-1.440,0.167,0.561,0.087,0.129,0.036,0.420,0.028,0.564,0.031
1991,11,-0.902,0.167,0.389,0.079,0.146,0.037,0.446,0.028,0.560,0.031
1991,12,0.297,0.189,0.227,0.080,0.151,0.037,0.429,0.029,0.566,0.031
1992,1,3.134,0.172,0.097,0.078,0.148,0.038,0.394,0.030,0.593,0.030
1992,2,0.177,0.209,-0.036,0.082,0.138,0.038,0.379,0.029,0.602,0.031
1992,3,2.448,0.228,-0.148,0.091,0.146,0.039,0.358,0.029,0.598,0.031
1992,4,-0.933,0.231,-0.066,0.086,0.179,0.039,0.341,0.029,0.599,0.030
1992,5,-0.734,0.265,0.063,0.090,0.240,0.040,0.337,0.029,0.592,0.030
1992,6,-0.855,0.272,-0.004,0.082,0.299,0.039,0.340,0.029,0.596,0.030
1992,7,-1.226,0.163,-0.118,0.087,0.332,0.039,0.345,0.028,0.598,0.030
1992,8,-0.515,0.232,-0.168,0.086,0.376,0.040,0.356,0.028,0.604,0.030
1992,9,-1.234,0.247,-0.174,0.083,0.333,0.040,0.352,0.028,0.609,0.030
1992,10,-0.453,0.212,-0.022,0.080,0.341,0.040,0.342,0.027,0.606,0.030
1992,11,0.651,0.278,0.146,0.073,0.356,0.038,0.345,0.028,0.621,0.030
1992,12,-0.509,0.294,0.246,0.077,0.382,0.038,0.341,0.028,0.642,0.031
1993,1,1.762,0.336,0.364,0.074,0.370,0.039,0.337,0.028,0.650,0.031
1993,2,-0.417,0.200,0.435,0.076,0.370,0.042,0.376,0.028,0.643,0.031
1993,3,2.376,0.190,0.507,0.081,0.373,0.039,0.370,0.028,0.639,0.030
1993,4,0.893,0.266,0.533,0.077,0.403,0.041,0.384,0.028,0.639,0.030
1993,5,1.275,0.162,0.381,0.074,0.409,0.042,0.403,0.028,0.654,0.030
1993,6,0.346,0.170,0.565,0.075,0.437,0.043,0.413,0.027,0.652,0.029
1993,7,0.195,0.207,0.211,0.077,0.421,0.042,0.421,0.027,0.655,0.029
1993,8,0.337,0.231,-0.056,0.072,0.412,0.042,0.429,0.027,0.656,0.029
1993,9,-0.370,0.194,-0.041,0.074,0.386,0.043,0.442,0.027,0.661,0.029
1993,10,-0.148,0.211,-0.108,0.079,0.362,0.042,0.453,0.026,0.668,0.029
1993,11,-1.168,0.233,-0.136,0.080,0.323,0.041,0.481,0.025,0.662,0.029
1993,12,1.700,0.228,-0.066,0.076,0.321,0.041,0.501,0.025,0.689,0.029
1994,1,-2.490,0.299,-0.004,0.084,0.326,0.042,0.510,0.025,0.684,0.028
1994,2,-3.617,0.220,0.001,0.081,0.311,0.043,0.541,0.024,0.680,0.028
1994,3,2.558,0.288,0.129,0.083,0.325,0.043,0.599,0.024,0.678,0.028
1994,4,0.083,0.239,0.294,0.086,0.328,0.044,0.612,0.025,0.668,0.027
1994,5,0.946,0.207,0.474,0.084,0.326,0.045,0.620,0.026,0.660,0.027
1994,6,1.177,0.202,0.527,0.081,0.334,0.045,0.620,0.027,0.656,0.027
1994,7,0.949,0.198,1.041,0.079,0.291,0.044,0.610,0.027,0.655,0.027
1994,8,0.389,0.181,1.327,0.079,0.309,0.042,0.608,0.027,0.649,0.027
1994,9,1.172,0.180,1.172,0.079,0.252,0.042,0.614,0.028,0.656,0.026
1994,10,1.833,0.170,1.266,0.078,0.264,0.041,0.611,0.028,0.658,0.026
1994,11,0.989,0.228,1.261,0.074,0.266,0.041,0.652,0.028,0.667,0.026
1994,12,2.340,0.175,1.329,0.073,0.295,0.041,0.690,0.028,0.674,0.025
1995,1,3.674,0.167,1.233,0.071,0.328,0.039,0.688,0.027,0.660,0.025
1995,2,-0.191,0.169,1.221,0.070,0.341,0.040,0.739,0.028,0.676,0.025
1995,3,0.707,0.170,1.181,0.068,0.383,0.040,0.747,0.029,0.681,0.025
1995,4,1.204,0.183,1.072,0.067,0.375,0.040,0.743,0.029,0.697,0.025
1995,5,0.891,0.203,0.858,0.065,0.392,0.039,0.741,0.029,0.698,0.025
1995,6,1.992,0.206,0.593,0.066,0.474,0.038,0.735,0.030,0.702,0.024
1995,7,-0.204,0.195,0.114,0.063,0.445,0.039,0.738,0.030,0.704,0.024
1995,8,0.250,0.149,0.294,0.060,0.531,0.038,0.737,0.031,0.708,0.024
1995,9,0.690,0.207,0.193,0.065,0.529,0.038,0.733,0.031,0.711,0.024
1995,10,0.517,0.246,0.114,0.066,0.577,0.039,0.746,0.031,0.721,0.024
1995,11,-1.577,0.221,-0.045,0.063,0.604,0.039,0.776,0.032,0.745,0.023
1995,12,-0.841,0.168,-0.130,0.063,0.630,0.038,0.789,0.033,0.753,0.023
1996,1,-2.074,0.164,-0.062,0.071,0.654,0.037,0.841,0.033,0.764,0.022
1996,2,1.969,0.186,-0.064,0.074,0.677,0.036,0.822,0.033,0.771,0.021
1996,3,-0.500,0.186,-0.045,0.071,0.719,0.035,0.838,0.033,0.783,0.021
1996,4,0.252,0.176,-0.191,0.069,0.750,0.034,0.833,0.033,0.795,0.021
1996,5,-1.014,0.155,-0.147,0.070,0.820,0.033,0.834,0.033,0.801,0.021
1996,6,0.969,0.215,-0.009,0.075,0.838,0.034,0.829,0.034,0.815,0.021
1996,7,0.611,0.258,0.206,0.074,0.902,0.036,0.834,0.035,0.822,0.021
1996,8,0.235,0.148,0.150,0.072,1.026,0.038,0.835,0.035,0.828,0.021
1996,9,0.911,0.156,0.109,0.070,1.055,0.038,0.851,0.035,0.838,0.021
1996,10,-1.231,0.177,0.072,0.068,1.095,0.038,0.865,0.036,0.849,0.021
1996,11,-1.044,0.182,0.103,0.071,1.094,0.038,0.889,0.037,0.863,0.021
1996,12,0.806,0.216,0.096,0.070,1.089,0.036,0.921,0.037,0.873,0.021
1997,1,0.505,0.152,0.108,0.063,1.072,0.036,0.916,0.037,0.872,0.021
1997,2,1.303,0.172,0.112,0.068,1.078,0.036,0.921,0.037,0.860,0.020
1997,3,-0.988,0.195,0.142,0.065,1.082,0.035,0.885,0.037,0.853,0.021
1997,4,-0.199,0.204,0.167,0.065,1.044,0.037,0.877,0.036,0.851,0.021
1997,5,-0.637,0.223,0.395,0.061,1.063,0.039,0.870,0.035,0.852,0.021
1997,6,0.883,0.177,0.695,0.062,1.081,0.040,0.883,0.034,0.853,0.021
1997,7,0.749,0.293,0.654,0.067,1.045,0.041,0.897,0.034,0.859,0.021
1997,8,0.292,0.211,0.941,0.070,1.101,0.042,0.903,0.033,0.863,0.022
1997,9,1.263,0.138,1.210,0.070,1.161,0.043,0.925,0.033,0.857,0.022
1997,10,-0.933,0.159,1.540,0.073,1.145,0.044,0.924,0.034,0.861,0.022
1997,11,1.702,0.201,1.837,0.071,1.127,0.043,0.929,0.034,0.855,0.023
1997,12,4.407,0.178,1.923,0.073,1.087,0.043,0.976,0.035,0.836,0.023
1998,1,0.012,0.208,1.995,0.066,1.105,0.042,0.989,0.036,0.844,0.023
1998,2,4.740,0.172,2.114,0.069,1.105,0.042,0.980,0.035,0.841,0.023
1998,3,2.238,0.172,2.189,0.072,1.093,0.042,0.955,0.035,0.825,0.023
1998,4,3.762,0.170,2.408,0.078,1.090,0.042,0.949,0.035,0.819,0.024
1998,5,2.930,0.209,2.520,0.081,1.143,0.042,0.948,0.036,0.821,0.024
1998,6,1.915,0.209,2.385,0.083,1.141,0.044,0.948,0.035,0.822,0.025
1998,7,1.615,0.214,2.497,0.089,1.261,0.046,0.955,0.035,0.822,0.025
1998,8,1.718,0.190,2.417,0.091,1.233,0.045,0.961,0.033,0.823,0.025
1998,9,2.167,0.192,2.588,0.101,1.290,0.046,0.977,0.033,0.823,0.025
1998,10,1.695,0.195,2.482,0.093,1.303,0.045,0.995,0.033,0.827,0.026
1998,11,3.045,0.200,2.314,0.088,1.345,0.046,1.011,0.033,0.837,0.026
1998,12,2.777,0.266,2.226,0.089,1.337,0.047,1.026,0.033,0.827,0.026
1999,1,1.363,0.275,2.088,0.086,1.342,0.047,1.038,0.034,0.833,0.025
1999,2,3.779,0.160,2.006,0.079,1.359,0.047,1.089,0.035,0.838,0.026
1999,3,4.294,0.147,1.941,0.078,1.377,0.047,1.070,0.034,0.845,0.026
1999,4,2.488,0.196,1.763,0.081,1.401,0.049,1.070,0.034,0.845,0.026
1999,5,0.908,0.188,1.687,0.086,1.453,0.050,1.047,0.033,0.840,0.027
1999,6,0.866,0.169,1.744,0.085,1.507,0.050,1.035,0.032,0.837,0.027
1999,7,-0.048,0.175,1.754,0.078,1.542,0.051,1.030,0.032,0.833,0.027
1999,8,0.733,0.150,1.705,0.079,1.534,0.054,1.022,0.032,0.831,0.028
1999,9,1.387,0.188,1.706,0.083,1.517,0.052,1.015,0.031,0.838,0.028
1999,10,-0.437,0.209,1.517,0.082,1.490,0.053,1.000,0.032,0.836,0.028
1999,11,2.132,0.192,1.425,0.079,1.474,0.051,1.001,0.033,0.861,0.028
1999,12,3.459,0.222,1.320,0.082,1.471,0.050,0.971,0.033,0.874,0.028
2000,1,1.488,0.189,1.396,0.076,1.467,0.047,0.943,0.033,0.886,0.027
2000,2,3.193,0.170,1.355,0.071,1.466,0.047,0.963,0.033,0.922,0.027
2000,3,4.306,0.201,1.239,0.071,1.467,0.048,0.978,0.033,0.934,0.028
2000,4,0.222,0.151,1.304,0.066,1.474,0.047,0.993,0.033,0.953,0.028
2000,5,-0.205,0.212,1.260,0.064,1.465,0.048,0.994,0.033,0.957,0.028
2000,6,-0.391,0.272,0.891,0.068,1.477,0.049,0.985,0.033,0.958,0.028
2000,7,0.866,0.171,1.193,0.072,1.533,0.048,0.988,0.033,0.962,0.028
2000,8,0.243,0.171,0.951,0.066,1.429,0.047,0.990,0.033,0.967,0.028
2000,9,-0.004,0.198,0.834,0.061,1.381,0.048,0.992,0.033,0.969,0.028
2000,10,0.333,0.141,0.905,0.056,1.322,0.046,1.002,0.034,0.984,0.029
2000,11,1.607,0.142,1.048,0.059,1.292,0.046,1.033,0.034,1.005,0.029
2000,12,-0.972,0.165,1.118,0.064,1.266,0.045,1.071,0.035,1.030,0.029
2001,1,5.118,0.145,1.125,0.069,1.255,0.045,1.133,0.035,1.048,0.029
2001,2,0.289,0.135,1.207,0.069,1.246,0.042,1.142,0.035,1.041,0.030
2001,3,2.900,0.189,1.374,0.065,1.235,0.042,1.176,0.035,1.037,0.030
2001,4,1.074,0.165,1.363,0.070,1.240,0.043,1.200,0.036,1.026,0.031
2001,5,1.511,0.203,1.402,0.070,1.201,0.043,1.229,0.036,1.023,0.031
2001,6,0.450,0.214,1.821,0.069,1.215,0.043,1.238,0.036,1.021,0.031
2001,7,0.950,0.159,1.612,0.068,1.175,0.041,1.242,0.036,1.025,0.032
2001,8,1.227,0.152,1.654,0.074,1.152,0.040,1.247,0.037,1.026,0.032
2001,9,1.995,0.235,1.248,0.069,1.085,0.038,1.255,0.037,1.035,0.032
2001,10,0.210,0.213,1.008,0.072,1.045,0.038,1.277,0.038,1.050,0.032
2001,11,2.069,0.166,0.746,0.069,1.000,0.036,1.281,0.038,1.059,0.033
2001,12,4.055,0.137,0.765,0.067,0.981,0.036,1.317,0.039,1.074,0.033
2002,1,2.606,0.220,0.732,0.068,0.988,0.036,1.350,0.039,1.074,0.033
2002,2,0.798,0.236,0.646,0.063,0.966,0.035,1.341,0.039,1.092,0.034
2002,3,-1.970,0.187,0.591,0.063,0.948,0.036,1.348,0.040,1.091,0.034
2002,4,-1.812,0.173,0.530,0.058,0.956,0.037,1.361,0.040,1.101,0.034
2002,5,-1.627,0.131,0.459,0.059,0.938,0.037,1.366,0.040,1.110,0.034
2002,6,0.681,0.161,0.548,0.064,0.861,0.036,1.365,0.040,1.122,0.034
2002,7,0.552,0.200,0.609,0.066,0.841,0.035,1.373,0.039,1.135,0.034
2002,8,0.191,0.185,0.417,0.062,0.824,0.034,1.370,0.039,1.144,0.034
2002,9,1.340,0.197,0.528,0.062,0.794,0.033,1.361,0.039,1.160,0.034
2002,10,-0.528,0.195,0.698,0.064,0.840,0.033,1.380,0.040,1.164,0.034
2002,11,1.217,0.180,0.928,0.065,0.861,0.031,1.366,0.041,1.160,0.034
2002,12,5.128,0.209,0.899,0.066,0.883,0.032,1.330,0.041,1.166,0.036
2003,1,3.341,0.200,0.936,0.070,0.872,0.032,1.351,0.041,1.167,0.037
2003,2,-1.507,0.150,1.016,0.069,0.875,0.033,1.305,0.041,1.178,0.037
2003,3,-0.641,0.217,1.033,0.063,0.891,0.034,1.279,0.042,1.177,0.038
2003,4,0.230,0.189,1.241,0.071,0.914,0.035,1.253,0.042,1.168,0.039
2003,5,1.132,0.243,1.199,0.070,0.923,0.038,1.239,0.042,1.165,0.039
2003,6,0.326,0.208,1.071,0.066,1.001,0.038,1.231,0.043,1.170,0.039
2003,7,1.003,0.186,0.705,0.068,1.005,0.037,1.224,0.043,1.171,0.039
2003,8,1.146,0.209,1.033,0.067,1.051,0.038,1.217,0.042,1.175,0.039
2003,9,1.543,0.186,1.109,0.060,1.063,0.038,1.204,0.042,1.184,0.039
2003,10,1.976,0.218,1.095,0.060,1.097,0.040,1.201,0.042,1.193,0.039
2003,11,0.705,0.189,0.852,0.063,1.112,0.040,1.194,0.042,1.196,0.039
2003,12,3.597,0.157,0.805,0.067,1.139,0.041,1.154,0.041,1.177,0.039
2004,1,-1.055,0.249,0.750,0.071,1.142,0.042,1.156,0.040,1.200,0.040
2004,2,2.430,0.196,0.604,0.070,1.136,0.040,1.136,0.040,1.211,0.041
2004,3,0.277,0.203,0.502,0.073,1.133,0.041,1.091,0.040,1.193,0.041
2004,4,0.064,0.192,0.344,0.079,1.153,0.041,1.079,0.040,1.190,0.041
2004,5,-1.785,0.147,0.373,0.078,1.108,0.042,1.060,0.040,1.191,0.041
2004,6,-0.240,0.177,-0.027,0.083,1.128,0.042,1.054,0.039,1.191,0.042
2004,7,0.338,0.229,0.086,0.085,1.158,0.043,1.056,0.039,1.192,0.042
2004,8,-0.600,0.154,0.066,0.081,1.148,0.043,1.054,0.039,1.195,0.042
2004,9,0.315,0.184,0.252,0.074,1.178,0.044,1.063,0.039,1.193,0.042
2004,10,0.086,0.258,0.496,0.065,1.232,0.043,1.061,0.039,1.192,0.042
2004,11,1.047,0.196,0.732,0.064,1.259,0.044,1.071,0.039,1.182,0.042
2004,12,-1.205,0.199,0.830,0.064,1.260,0.044,1.057,0.038,1.184,0.042
2005,1,0.309,0.255,0.816,0.059,1.279,0.044,1.084,0.038,1.177,0.042
2005,2,2.189,0.201,0.902,0.063,1.275,0.044,1.106,0.038,1.170,0.042
2005,3,2.505,0.135,0.954,0.068,1.255,0.044,1.120,0.038,1.173,0.043
2005,4,2.993,0.174,1.092,0.069,1.287,0.048,1.163,0.038,1.173,0.043
2005,5,1.046,0.194,1.181,0.071,1.266,0.049,1.172,0.038,1.175,0.043
2005,6,0.934,0.161,1.594,0.074,1.182,0.050,1.182,0.038,1.172,0.044
2005,7,0.169,0.169,2.014,0.067,1.168,0.052,1.187,0.038,1.176,0.044
2005,8,0.439,0.150,2.086,0.068,1.181,0.052,1.197,0.038,1.179,0.044
2005,9,0.936,0.188,2.177,0.073,1.177,0.051,1.204,0.039,1.183,0.044
2005,10,1.736,0.237,2.187,0.078,1.184,0.052,1.221,0.040,1.185,0.044
2005,11,2.120,0.235,2.301,0.077,1.185,0.054,1.233,0.040,1.201,0.044
2005,12,3.749,0.246,2.397,0.079,1.196,0.055,1.271,0.040,1.220,0.045
2006,1,5.349,0.236,2.477,0.079,1.192,0.053,1.255,0.041,1.254,0.045
2006,2,3.060,0.218,2.511,0.075,1.189,0.053,1.259,0.042,1.256,0.045
2006,3,3.590,0.192,2.587,0.079,1.172,0.053,1.236,0.043,1.271,0.046
2006,4,3.112,0.192,2.559,0.074,1.162,0.052,1.218,0.044,1.270,0.046
2006,5,2.416,0.292,2.331,0.074,1.187,0.051,1.211,0.045,1.284,0.047
2006,6,2.087,0.215,2.453,0.071,1.093,0.051,1.213,0.044,1.286,0.046
2006,7,1.126,0.237,2.377,0.073,1.138,0.053,1.215,0.045,1.288,0.047
2006,8,0.845,0.274,2.138,0.072,1.120,0.053,1.217,0.045,1.294,0.047
2006,9,1.857,0.202,1.825,0.078,1.098,0.053,1.219,0.045,1.297,0.047
2006,10,1.397,0.228,1.686,0.073,1.112,0.053,1.234,0.045,1.304,0.047
2006,11,-0.613,0.261,1.481,0.071,1.119,0.054,1.228,0.046,1.328,0.047
2006,12,5.205,0.189,1.368,0.070,1.127,0.053,1.227,0.046,1.328,0.046
2007,1,4.441,0.187,1.415,0.066,1.125,0.051,1.231,0.046,1.350,0.047
2007,2,0.190,0.218,1.344,0.068,1.143,0.052,1.262,0.047,1.356,0.047
2007,3,-0.157,0.157,1.198,0.066,1.179,0.052,1.298,0.048,1.363,0.047
2007,4,1.437,0.174,1.198,0.067,1.165,0.051,1.324,0.048,1.366,0.048
2007,5,-0.040,0.233,1.249,0.072,1.203,0.050,1.351,0.049,1.376,0.048
2007,6,0.731,0.219,0.821,0.079,1.254,0.050,1.362,0.050,1.377,0.048
2007,7,1.689,0.218,0.659,0.079,1.327,0.050,1.373,0.051,1.377,0.047
2007,8,-0.013,0.195,0.581,0.082,1.388,0.050,1.385,0.051,1.382,0.047
2007,9,0.104,0.163,0.521,0.084,1.446,0.049,1.396,0.051,1.385,0.047
2007,10,1.404,0.245,0.458,0.089,1.485,0.050,1.404,0.052,1.394,0.047
2007,11,-0.008,0.301,0.560,0.094,1.484,0.051,1.392,0.052,1.384,0.047
2007,12,0.069,0.270,0.578,0.096,1.481,0.051,1.356,0.053,1.374,0.048
2008,1,2.495,0.300,0.503,0.097,1.502,0.053,1.344,0.054,1.386,0.048
2008,2,-0.736,0.133,0.584,0.098,1.519,0.052,1.376,0.054,1.365,0.048
2008,3,-0.886,0.155,0.619,0.093,1.518,0.052,1.398,0.054,1.365,0.049
2008,4,0.680,0.208,0.616,0.090,1.528,0.052,1.388,0.054,1.344,0.049
2008,5,1.189,0.247,0.801,0.078,1.544,0.052,1.383,0.054,1.334,0.049
2008,6,0.948,0.238,0.623,0.072,1.542,0.051,1.393,0.055,1.328,0.050
2008,7,0.792,0.206,0.553,0.073,1.505,0.053,1.388,0.055,1.326,0.050
2008,8,0.962,0.154,0.730,0.075,1.466,0.055,1.389,0.055,1.320,0.049
2008,9,0.523,0.172,0.714,0.072,1.409,0.056,1.391,0.056,1.306,0.050
2008,10,1.363,0.171,0.736,0.073,1.340,0.056,1.391,0.056,1.295,0.049
2008,11,2.217,0.162,0.522,0.067,1.310,0.057,1.382,0.056,1.280,0.049
2008,12,-2.072,0.199,0.464,0.061,1.287,0.055,1.328,0.056,1.283,0.049
2009,1,1.655,0.222,0.413,0.059,1.289,0.055,1.362,0.057,1.284,0.048
2009,2,1.388,0.216,0.372,0.063,1.298,0.056,1.333,0.057,1.263,0.048
2009,3,-1.073,0.163,0.534,0.071,1.305,0.056,1.316,0.058,1.259,0.049
2009,4,0.938,0.263,0.360,0.075,1.316,0.055,1.310,0.058,1.252,0.049
2009,5,-1.376,0.222,0.454,0.072,1.348,0.056,1.335,0.059,1.252,0.050
2009,6,0.246,0.254,0.781,0.070,1.326,0.057,1.348,0.060,1.251,0.050
2009,7,0.186,0.211,1.032,0.063,1.304,0.057,1.354,0.059,1.254,0.050
2009,8,0.467,0.186,1.406,0.060,1.375,0.057,1.369,0.059,1.253,0.050
2009,9,2.469,0.143,1.993,0.056,1.417,0.058,1.370,0.060,1.254,0.050
2009,10,-0.732,0.231,2.357,0.057,1.416,0.059,1.384,0.059,1.262,0.050
2009,11,3.346,0.141,2.554,0.057,1.443,0.059,1.364,0.058,1.258,0.050
2009,12,1.857,0.204,2.599,0.058,1.464,0.061,1.397,0.058,1.252,0.049
2010,1,4.668,0.149,2.699,0.065,1.468,0.061,1.412,0.057,1.258,0.049
2010,2,5.870,0.244,2.782,0.064,1.496,0.063,1.377,0.058,1.250,0.049
2010,3,5.973,0.198,2.653,0.067,1.537,0.063,1.369,0.058,1.234,0.050
2010,4,5.314,0.172,2.906,0.068,1.521,0.062,1.352,0.059,1.232,0.050
2010,5,0.982,0.183,2.883,0.070,1.517,0.061,1.356,0.060,1.233,0.051
2010,6,0.789,0.238,3.031,0.068,1.529,0.061,1.360,0.060,1.238,0.051
2010,7,1.388,0.282,2.906,0.076,1.521,0.063,1.364,0.062,1.242,0.052
2010,8,1.466,0.170,2.477,0.087,1.571,0.064,1.369,0.062,1.246,0.053
2010,9,0.912,0.226,1.991,0.097,1.620,0.064,1.375,0.061,1.251,0.053
2010,10,2.303,0.213,1.463,0.103,1.591,0.063,1.367,0.061,1.249,0.053
2010,11,3.072,0.233,1.434,0.101,1.580,0.062,1.369,0.060,1.245,0.053
2010,12,3.639,0.202,1.424,0.103,1.590,0.062,1.370,0.059,1.268,0.053
2011,1,3.159,0.250,1.412,0.098,1.583,0.063,1.374,0.059,NaN,NaN
2011,2,0.730,0.248,1.405,0.107,1.588,0.064,1.370,0.059,NaN,NaN
2011,3,0.142,0.148,1.523,0.104,1.610,0.066,1.365,0.061,NaN,NaN
2011,4,-1.023,0.174,1.500,0.099,1.621,0.066,1.340,0.061,NaN,NaN
2011,5,0.626,0.193,1.353,0.100,1.577,0.068,1.339,0.061,NaN,NaN
2011,6,0.675,0.213,1.375,0.102,1.564,0.068,1.334,0.061,NaN,NaN
2011,7,1.249,0.283,1.369,0.097,1.585,0.069,1.335,0.061,NaN,NaN
2011,8,1.376,0.192,1.682,0.090,1.545,0.069,1.341,0.061,NaN,NaN
2011,9,2.325,0.209,1.866,0.093,1.534,0.070,1.340,0.061,NaN,NaN
2011,10,2.026,0.183,2.067,0.095,1.508,0.071,1.330,0.060,NaN,NaN
2011,11,1.309,0.212,2.146,0.096,1.551,0.071,1.375,0.060,NaN,NaN
2011,12,3.907,0.243,2.257,0.106,1.568,0.074,1.339,0.058,NaN,NaN
2012,1,3.082,0.178,2.310,0.102,1.584,0.074,1.349,0.058,NaN,NaN
2012,2,4.491,0.150,2.334,0.106,1.596,0.074,1.372,0.057,NaN,NaN
2012,3,2.346,0.223,2.356,0.108,1.562,0.075,1.378,0.057,NaN,NaN
2012,4,1.387,0.195,2.224,0.105,1.602,0.075,1.371,0.059,NaN,NaN
2012,5,1.579,0.231,2.092,0.103,1.525,0.075,1.386,0.059,NaN,NaN
2012,6,2.011,0.238,1.836,0.112,1.539,0.073,1.388,0.060,NaN,NaN
2012,7,1.883,0.168,1.744,0.118,1.496,0.073,1.381,0.061,NaN,NaN
2012,8,1.667,0.212,1.559,0.124,1.366,0.073,1.393,0.061,NaN,NaN
2012,9,2.590,0.207,1.535,0.120,1.292,0.074,1.409,0.061,NaN,NaN
2012,10,0.435,0.219,1.331,0.117,1.220,0.075,1.408,0.060,NaN,NaN
2012,11,-0.272,0.213,1.245,0.113,1.228,0.076,1.403,0.060,NaN,NaN
2012,12,0.835,0.261,1.206,0.114,1.238,0.078,1.419,0.060,NaN,NaN
2013,1,1.981,0.268,1.081,0.120,1.227,0.080,1.422,0.060,NaN,NaN
2013,2,2.264,0.249,1.047,0.121,1.219,0.081,1.424,0.060,NaN,NaN
2013,3,2.063,0.243,0.986,0.127,1.231,0.081,1.451,0.061,NaN,NaN
2013,4,-1.067,0.232,1.115,0.131,1.207,0.080,1.434,0.062,NaN,NaN
2013,5,0.552,0.178,1.102,0.128,1.194,0.078,1.429,0.063,NaN,NaN
2013,6,1.545,0.265,0.795,0.120,1.198,0.078,1.425,0.063,NaN,NaN
2013,7,0.375,0.207,0.876,0.114,1.243,0.076,1.428,0.063,NaN,NaN
2013,8,1.263,0.166,0.601,0.112,1.274,0.074,1.423,0.064,NaN,NaN
2013,9,1.857,0.211,0.286,0.116,1.321,0.075,1.409,0.065,NaN,NaN
2013,10,1.980,0.264,0.322,0.115,1.340,0.077,1.389,0.065,NaN,NaN
2013,11,-0.426,0.187,0.377,0.113,1.368,0.078,1.366,0.064,NaN,NaN
2013,12,-2.850,0.181,0.355,0.112,1.382,0.078,1.412,0.064,NaN,NaN
2014,1,2.962,0.225,0.418,0.104,1.381,0.080,1.413,0.063,NaN,NaN
2014,2,-1.037,0.242,0.409,0.104,1.385,0.080,1.389,0.062,NaN,NaN
2014,3,-1.722,0.324,0.294,0.099,1.374,0.080,1.427,0.063,NaN,NaN
2014,4,-0.631,0.257,0.267,0.095,1.345,0.078,1.425,0.065,NaN,NaN
2014,5,1.208,0.182,0.197,0.098,1.402,0.078,1.444,0.066,NaN,NaN
2014,6,1.285,0.229,0.660,0.105,1.351,0.076,1.448,0.067,NaN,NaN
2014,7,1.123,0.177,0.587,0.096,1.394,0.076,1.452,0.068,NaN,NaN
2014,8,1.157,0.183,0.512,0.093,1.368,0.076,1.453,0.068,NaN,NaN
2014,9,0.484,0.221,0.782,0.087,1.339,0.076,1.446,0.069,NaN,NaN
2014,10,1.655,0.172,0.917,0.089,1.327,0.076,1.464,0.069,NaN,NaN
2014,11,-1.277,0.196,0.938,0.089,1.330,0.077,1.445,0.069,NaN,NaN
2014,12,2.711,0.273,0.946,0.085,1.312,0.076,1.447,0.067,NaN,NaN
2015,1,2.088,0.162,0.911,0.095,1.293,0.077,1.432,0.068,NaN,NaN
2015,2,-1.941,0.173,0.901,0.100,1.290,0.079,1.394,0.067,NaN,NaN
2015,3,1.517,0.268,0.997,0.097,1.281,0.078,1.349,0.068,NaN,NaN
2015,4,0.999,0.350,0.927,0.088,1.294,0.078,1.302,0.070,NaN,NaN
2015,5,1.459,0.243,1.229,0.091,1.289,0.078,1.293,0.071,NaN,NaN
2015,6,1.380,0.179,1.323,0.094,1.308,0.079,1.294,0.072,NaN,NaN
2015,7,0.704,0.287,1.639,0.097,1.323,0.077,1.297,0.073,NaN,NaN
2015,8,1.036,0.224,2.015,0.099,1.278,0.075,1.296,0.074,NaN,NaN
2015,9,1.635,0.158,2.137,0.101,1.283,0.075,1.297,0.075,NaN,NaN
2015,10,0.814,0.193,2.064,0.097,1.278,0.077,1.277,0.074,NaN,NaN
2015,11,2.345,0.217,2.136,0.096,1.277,0.078,1.257,0.073,NaN,NaN
2015,12,3.845,0.216,2.144,0.090,1.260,0.077,1.264,0.071,NaN,NaN
2016,1,5.873,0.172,2.184,0.080,1.273,0.077,NaN,NaN,NaN,NaN
2016,2,2.568,0.211,2.232,0.078,1.258,0.077,NaN,NaN,NaN,NaN
2016,3,2.986,0.262,2.237,0.079,1.208,0.077,NaN,NaN,NaN,NaN
2016,4,0.128,0.249,2.191,0.077,1.158,0.076,NaN,NaN,NaN,NaN
2016,5,2.312,0.222,2.390,0.077,1.154,0.075,NaN,NaN,NaN,NaN
2016,6,1.486,0.222,2.140,0.074,1.261,0.076,NaN,NaN,NaN,NaN
2016,7,1.184,0.230,2.126,0.076,1.240,0.074,NaN,NaN,NaN,NaN
2016,8,1.602,0.152,2.155,0.081,1.233,0.072,NaN,NaN,NaN,NaN
2016,9,1.701,0.186,1.954,0.084,1.320,0.071,NaN,NaN,NaN,NaN
2016,10,0.267,0.260,1.998,0.085,1.341,0.073,NaN,NaN,NaN,NaN
2016,11,4.727,0.260,1.952,0.085,1.337,0.075,NaN,NaN,NaN,NaN
2016,12,0.848,0.255,1.908,0.085,1.327,0.074,NaN,NaN,NaN,NaN
2017,1,5.698,0.255,1.873,0.086,1.320,0.075,NaN,NaN,NaN,NaN
2017,2,2.921,0.242,1.859,0.090,1.310,0.076,NaN,NaN,NaN,NaN
2017,3,0.574,0.257,1.891,0.087,1.329,0.077,NaN,NaN,NaN,NaN
2017,4,0.654,0.266,1.971,0.098,1.325,0.075,NaN,NaN,NaN,NaN
2017,5,1.767,0.204,1.528,0.096,1.365,0.074,NaN,NaN,NaN,NaN
2017,6,0.949,0.279,1.621,0.108,1.355,0.073,NaN,NaN,NaN,NaN
2017,7,0.765,0.224,1.389,0.104,1.368,0.074,NaN,NaN,NaN,NaN
2017,8,1.437,0.200,1.108,0.112,1.422,0.073,NaN,NaN,NaN,NaN
2017,9,2.085,0.256,1.254,0.117,1.406,0.074,NaN,NaN,NaN,NaN
2017,10,1.229,0.295,1.086,0.123,1.384,0.074,NaN,NaN,NaN,NaN
2017,11,-0.592,0.233,0.982,0.122,1.359,0.075,NaN,NaN,NaN,NaN
2017,12,1.966,0.343,0.945,0.123,1.351,0.076,NaN,NaN,NaN,NaN
2018,1,2.912,0.146,0.979,0.121,1.367,0.078,NaN,NaN,NaN,NaN
2018,2,-0.456,0.246,0.890,0.120,1.372,0.078,NaN,NaN,NaN,NaN
2018,3,2.333,0.242,0.620,0.123,1.363,0.079,NaN,NaN,NaN,NaN
2018,4,-1.364,0.287,0.433,0.122,1.347,0.080,NaN,NaN,NaN,NaN
2018,5,0.516,0.328,0.429,0.112,1.320,0.079,NaN,NaN,NaN,NaN
2018,6,0.513,0.312,0.560,0.106,1.329,0.076,NaN,NaN,NaN,NaN
2018,7,1.162,0.157,0.457,0.101,NaN,NaN,NaN,NaN,NaN,NaN
2018,8,0.375,0.412,0.375,0.101,NaN,NaN,NaN,NaN,NaN,NaN
2018,9,-1.157,0.280,0.471,0.104,NaN,NaN,NaN,NaN,NaN,NaN
2018,10,-1.013,0.228,0.640,0.105,NaN,NaN,NaN,NaN,NaN,NaN
2018,11,-0.640,0.192,0.676,0.105,NaN,NaN,NaN,NaN,NaN,NaN
2018,12,3.532,0.176,0.692,0.105,NaN,NaN,NaN,NaN,NaN,NaN
2019,1,1.686,0.194,0.655,0.108,NaN,NaN,NaN,NaN,NaN,NaN
2019,2,-1.446,0.201,0.667,0.103,NaN,NaN,NaN,NaN,NaN,NaN
2019,3,3.488,0.245,0.899,0.107,NaN,NaN,NaN,NaN,NaN,NaN
2019,4,0.659,0.327,1.105,0.111,NaN,NaN,NaN,NaN,NaN,NaN
2019,5,0.952,0.285,1.251,0.116,NaN,NaN,NaN,NaN,NaN,NaN
2019,6,0.708,0.311,1.130,0.112,NaN,NaN,NaN,NaN,NaN,NaN
2019,7,0.718,0.173,1.229,0.117,NaN,NaN,NaN,NaN,NaN,NaN
2019,8,0.521,0.201,1.460,0.123,NaN,NaN,NaN,NaN,NaN,NaN
2019,9,1.625,0.198,1.212,0.120,NaN,NaN,NaN,NaN,NaN,NaN
2019,10,1.453,0.203,1.134,0.115,NaN,NaN,NaN,NaN,NaN,NaN
2019,11,1.119,0.148,1.048,0.113,NaN,NaN,NaN,NaN,NaN,NaN
2019,12,2.072,0.261,1.063,0.112,NaN,NaN,NaN,NaN,NaN,NaN
2020,1,2.884,0.208,1.143,0.125,NaN,NaN,NaN,NaN,NaN,NaN
2020,2,1.322,0.177,1.212,0.127,NaN,NaN,NaN,NaN,NaN,NaN
2020,3,0.513,0.218,1.169,0.124,NaN,NaN,NaN,NaN,NaN,NaN
2020,4,-0.285,0.251,1.037,0.126,NaN,NaN,NaN,NaN,NaN,NaN
2020,5,-0.075,0.257,1.001,0.130,NaN,NaN,NaN,NaN,NaN,NaN
2020,6,0.889,0.290,1.196,0.123,NaN,NaN,NaN,NaN,NaN,NaN
2020,7,1.678,0.278,NaN,NaN,NaN,NaN,NaN,NaN,NaN,NaN
2020,8,1.353,0.242,NaN,NaN,NaN,NaN,NaN,NaN,NaN,NaN
2020,9,1.101,0.267,NaN,NaN,NaN,NaN,NaN,NaN,NaN,NaN
2020,10,-0.126,0.208,NaN,NaN,NaN,NaN,NaN,NaN,NaN,NaN
2020,11,0.686,0.255,NaN,NaN,NaN,NaN,NaN,NaN,NaN,NaN
2020,12,4.415,0.397,NaN,NaN,NaN,NaN,NaN,NaN,NaN,NaN
