1965,1,1.408,0.228,0.124,0.084,0.061,0.054,-0.024,0.057,-0.016,0.041
1965,2,0.360,0.156,0.059,0.089,0.067,0.056,-0.041,0.056,-0.015,0.041
1965,3,-0.719,0.201,0.036,0.076,0.055,0.056,-0.071,0.055,-0.009,0.041
1965,4,-0.287,0.181,0.069,0.083,0.052,0.057,-0.067,0.054,-0.002,0.040
1965,5,0.301,0.216,0.080,0.096,0.037,0.057,-0.057,0.054,-0.005,0.040
1965,6,0.006,0.278,-0.006,0.101,-0.008,0.055,-0.063,0.052,-0.004,0.039
1965,7,-0.233,0.298,-0.042,0.101,-0.001,0.056,-0.064,0.052,-0.005,0.039
1965,8,-0.608,0.145,0.110,0.103,-0.053,0.055,-0.063,0.052,-0.004,0.039
1965,9,-0.295,0.217,0.241,0.106,-0.060,0.054,-0.069,0.051,-0.003,0.039
1965,10,0.587,0.272,0.231,0.103,-0.056,0.055,-0.066,0.052,0.001,0.039
1965,11,0.432,0.325,0.192,0.115,-0.066,0.057,-0.065,0.051,0.002,0.040
1965,12,-1.029,0.139,0.202,0.130,-0.066,0.056,-0.058,0.051,-0.013,0.040
1966,1,0.979,0.248,0.210,0.111,-0.067,0.059,-0.057,0.051,-0.004,0.040
1966,2,2.185,0.126,0.307,0.122,-0.086,0.062,-0.061,0.051,0.005,0.041
1966,3,0.857,0.178,0.290,0.132,-0.099,0.066,-0.066,0.051,0.003,0.040
1966,4,-0.413,0.235,0.236,0.124,-0.108,0.067,-0.071,0.051,-0.002,0.040
1966,5,-0.169,0.211,0.170,0.107,-0.105,0.067,-0.071,0.051,-0.001,0.041
1966,6,0.126,0.271,0.157,0.097,-0.080,0.068,-0.079,0.050,-0.004,0.041
1966,7,-0.137,0.178,0.025,0.083,-0.099,0.069,-0.082,0.051,-0.008,0.039
1966,8,0.561,0.216,-0.205,0.076,-0.094,0.067,-0.085,0.051,-0.010,0.039
1966,9,-0.500,0.257,-0.268,0.071,-0.099,0.067,-0.090,0.051,-0.013,0.039
1966,10,-0.061,0.145,-0.259,0.061,-0.118,0.066,-0.092,0.051,-0.012,0.039
1966,11,-0.365,0.154,-0.154,0.070,-0.103,0.065,-0.089,0.051,-0.013,0.039
1966,12,-1.178,0.142,-0.166,0.066,-0.106,0.065,-0.080,0.052,-0.008,0.038
1967,1,-0.608,0.141,-0.149,0.071,-0.105,0.065,-0.064,0.052,-0.017,0.038
1967,2,-0.576,0.156,-0.160,0.076,-0.114,0.068,-0.088,0.051,-0.008,0.037
1967,3,0.106,0.184,-0.157,0.066,-0.118,0.070,-0.073,0.049,-0.001,0.037
1967,4,-0.303,0.268,-0.172,0.067,-0.113,0.070,-0.072,0.050,0.001,0.036
1967,5,1.087,0.291,-0.312,0.065,-0.133,0.070,-0.067,0.051,0.003,0.036
1967,6,-0.020,0.115,-0.399,0.068,-0.139,0.071,-0.064,0.051,0.004,0.036
1967,7,0.072,0.253,-0.361,0.077,-0.171,0.069,-0.068,0.051,0.006,0.037
1967,8,0.431,0.304,-0.516,0.089,-0.165,0.069,-0.068,0.051,0.006,0.037
1967,9,-0.467,0.172,-0.447,0.094,-0.198,0.068,-0.077,0.050,0.012,0.039
1967,10,-0.243,0.164,-0.440,0.089,-0.200,0.066,-0.080,0.050,0.018,0.040
1967,11,-2.048,0.137,-0.529,0.077,-0.200,0.070,-0.071,0.051,0.015,0.040
1967,12,-2.220,0.142,-0.527,0.075,-0.208,0.070,-0.072,0.049,0.014,0.039
1968,1,-0.147,0.195,-0.540,0.070,-0.206,0.067,-0.059,0.048,0.012,0.038
1968,2,-2.437,0.184,-0.635,0.067,-0.190,0.068,-0.050,0.047,0.008,0.037
1968,3,0.927,0.255,-0.622,0.065,-0.189,0.066,-0.055,0.046,0.005,0.037
1968,4,-0.217,0.164,-0.665,0.065,-0.202,0.065,-0.043,0.046,0.004,0.037
1968,5,0.020,0.144,-0.433,0.066,-0.214,0.062,-0.051,0.046,0.008,0.038
1968,6,0.007,0.189,-0.103,0.073,-0.189,0.061,-0.053,0.046,0.010,0.038
1968,7,-0.086,0.148,-0.161,0.081,-0.202,0.059,-0.053,0.047,0.009,0.038
1968,8,-0.714,0.195,-0.158,0.090,-0.243,0.059,-0.055,0.048,0.014,0.038
1968,9,-0.302,0.252,-0.215,0.100,-0.264,0.059,-0.057,0.049,0.013,0.038
1968,10,-0.766,0.227,-0.188,0.099,-0.251,0.059,-0.059,0.049,0.015,0.038
1968,11,0.735,0.168,-0.123,0.093,-0.252,0.059,-0.058,0.049,0.016,0.038
1968,12,1.740,0.165,-0.168,0.091,-0.256,0.057,-0.059,0.049,0.014,0.038
1969,1,-0.843,0.164,-0.172,0.083,-0.251,0.059,-0.058,0.048,0.020,0.037
1969,2,-2.397,0.156,-0.143,0.082,-0.265,0.055,-0.041,0.048,0.026,0.037
1969,3,0.245,0.195,-0.140,0.075,-0.262,0.051,-0.052,0.048,0.020,0.037
1969,4,0.099,0.167,-0.035,0.073,-0.266,0.053,-0.054,0.047,0.016,0.037
1969,5,0.803,0.164,-0.170,0.069,-0.246,0.054,-0.049,0.047,0.018,0.037
1969,6,-0.531,0.161,-0.345,0.070,-0.215,0.056,-0.049,0.047,0.021,0.038
1969,7,-0.139,0.251,-0.314,0.075,-0.180,0.057,-0.047,0.046,0.017,0.038
1969,8,-0.367,0.165,-0.058,0.082,-0.204,0.059,-0.052,0.048,0.015,0.038
1969,9,-0.264,0.242,-0.302,0.078,-0.185,0.057,-0.053,0.048,0.010,0.038
1969,10,0.500,0.135,-0.343,0.090,-0.187,0.058,-0.057,0.047,0.009,0.038
1969,11,-0.890,0.146,-0.384,0.094,-0.197,0.058,-0.054,0.047,0.009,0.038
1969,12,-0.355,0.163,-0.381,0.101,-0.192,0.056,-0.069,0.047,0.015,0.037
1970,1,-0.476,0.118,-0.377,0.091,-0.197,0.056,-0.073,0.046,0.016,0.037
1970,2,0.682,0.155,-0.321,0.100,-0.204,0.055,-0.070,0.047,0.003,0.036
1970,3,-2.688,0.212,-0.319,0.096,-0.209,0.052,-0.056,0.046,-0.003,0.035
1970,4,-0.392,0.295,-0.373,0.101,-0.212,0.053,-0.050,0.044,-0.001,0.034
1970,5,0.319,0.163,-0.323,0.092,-0.179,0.055,-0.059,0.044,0.004,0.033
1970,6,-0.507,0.277,-0.256,0.086,-0.136,0.052,-0.057,0.043,0.004,0.033
1970,7,-0.085,0.106,-0.200,0.082,-0.117,0.049,-0.057,0.041,0.004,0.033
1970,8,0.306,0.185,-0.279,0.089,-0.047,0.046,-0.047,0.043,0.002,0.033
1970,9,-0.238,0.159,-0.087,0.088,-0.051,0.047,-0.037,0.043,-0.002,0.033
1970,10,-0.146,0.186,-0.025,0.088,-0.031,0.047,-0.035,0.042,0.000,0.032
1970,11,-0.294,0.148,-0.071,0.087,-0.036,0.047,-0.037,0.040,0.012,0.032
1970,12,0.446,0.110,-0.038,0.095,-0.040,0.046,-0.041,0.039,0.016,0.032
1971,1,0.191,0.222,-0.017,0.101,-0.038,0.045,-0.042,0.038,0.016,0.032
1971,2,-0.259,0.292,-0.064,0.088,-0.024,0.045,-0.043,0.037,0.018,0.032
1971,3,-0.388,0.189,-0.074,0.080,-0.014,0.042,-0.059,0.036,0.023,0.032
1971,4,0.359,0.215,-0.084,0.080,-0.010,0.040,-0.061,0.035,0.024,0.032
1971,5,-0.239,0.188,0.007,0.091,-0.012,0.039,-0.060,0.036,0.025,0.032
1971,6,-0.104,0.262,0.027,0.094,-0.037,0.038,-0.068,0.033,0.024,0.032
1971,7,0.160,0.158,0.135,0.086,-0.017,0.036,-0.074,0.029,0.024,0.032
1971,8,-0.253,0.163,-0.008,0.063,0.011,0.036,-0.086,0.026,0.024,0.032
1971,9,-0.362,0.234,0.129,0.043,-0.005,0.034,-0.084,0.025,0.022,0.032
1971,10,-0.269,0.175,0.060,0.044,0.010,0.034,-0.084,0.026,0.017,0.032
1971,11,0.800,0.145,0.122,0.048,0.005,0.034,-0.096,0.026,0.008,0.032
1971,12,0.684,0.163,0.155,0.054,0.009,0.033,-0.091,0.026,0.009,0.031
1972,1,1.494,0.158,0.124,0.054,0.011,0.032,-0.102,0.026,0.019,0.031
1972,2,-1.982,0.201,0.145,0.053,0.011,0.033,-0.104,0.026,0.018,0.030
1972,3,1.258,0.227,0.111,0.056,0.013,0.033,-0.097,0.026,0.023,0.030
1972,4,-0.471,0.163,0.095,0.063,-0.001,0.033,-0.093,0.026,0.025,0.029
1972,5,0.512,0.178,0.026,0.067,0.024,0.033,-0.105,0.024,0.027,0.029
1972,6,0.289,0.231,-0.005,0.061,0.001,0.033,-0.107,0.024,0.026,0.029
1972,7,-0.215,0.213,-0.043,0.062,0.025,0.035,-0.107,0.024,0.024,0.029
1972,8,0.004,0.174,0.266,0.046,0.025,0.037,-0.110,0.025,0.025,0.029
1972,9,-0.771,0.296,0.221,0.046,0.086,0.034,-0.102,0.026,0.022,0.028
1972,10,-0.463,0.317,0.341,0.042,0.099,0.032,-0.093,0.026,0.027,0.028
1972,11,-0.033,0.218,0.274,0.044,0.081,0.030,-0.073,0.025,0.032,0.028
1972,12,0.317,0.160,0.231,0.060,0.094,0.029,-0.046,0.024,0.029,0.027
1973,1,1.037,0.200,0.252,0.047,0.092,0.030,-0.051,0.024,0.033,0.027
1973,2,1.722,0.161,0.264,0.027,0.097,0.036,-0.038,0.023,0.027,0.026
1973,3,0.722,0.096,0.351,0.027,0.116,0.040,-0.047,0.022,0.021,0.026
1973,4,0.975,0.248,0.346,0.041,0.133,0.039,-0.038,0.022,0.021,0.026
1973,5,-0.294,0.132,0.400,0.049,0.139,0.039,-0.034,0.023,0.020,0.025
1973,6,-0.229,0.180,0.394,0.046,0.108,0.039,-0.030,0.022,0.018,0.025
1973,7,0.031,0.193,0.340,0.048,0.118,0.040,-0.027,0.023,0.016,0.025
1973,8,0.153,0.303,0.132,0.058,0.156,0.041,-0.019,0.023,0.015,0.025
1973,9,0.272,0.128,0.014,0.074,0.147,0.042,-0.015,0.025,0.016,0.025
1973,10,-0.525,0.212,0.017,0.096,0.128,0.041,-0.009,0.025,0.019,0.025
1973,11,0.622,0.119,0.084,0.109,0.132,0.045,-0.010,0.026,0.021,0.025
1973,12,0.245,0.163,0.076,0.110,0.121,0.047,-0.011,0.027,0.021,0.024
1974,1,0.383,0.205,0.076,0.098,0.103,0.044,0.009,0.027,0.016,0.023
1974,2,-0.767,0.175,0.031,0.100,0.092,0.041,0.045,0.026,0.022,0.023
1974,3,-0.695,0.274,-0.007,0.112,0.094,0.040,0.039,0.027,0.019,0.023
1974,4,1.008,0.215,0.011,0.114,0.098,0.043,0.037,0.026,0.013,0.022
1974,5,0.511,0.161,0.012,0.115,0.055,0.044,0.029,0.028,0.015,0.023
1974,6,-0.329,0.180,-0.157,0.131,0.034,0.045,0.036,0.028,0.017,0.022
1974,7,0.029,0.149,-0.106,0.147,-0.024,0.046,0.032,0.030,0.016,0.022
1974,8,-0.388,0.237,0.016,0.147,-0.003,0.046,0.034,0.030,0.015,0.022
1974,9,-0.173,0.264,0.152,0.124,-0.010,0.045,0.030,0.031,0.012,0.022
1974,10,-0.308,0.136,0.103,0.112,0.002,0.046,0.032,0.032,0.011,0.022
1974,11,0.628,0.200,-0.002,0.112,-0.014,0.047,0.034,0.032,0.012,0.022
1974,12,-1.784,0.275,0.048,0.097,-0.022,0.049,0.051,0.032,0.007,0.021
1975,1,0.992,0.234,0.028,0.095,-0.017,0.051,0.056,0.032,0.000,0.021
1975,2,0.696,0.173,0.107,0.103,-0.017,0.052,0.048,0.031,0.000,0.021
1975,3,0.937,0.157,0.201,0.102,0.005,0.053,0.065,0.031,-0.002,0.020
1975,4,0.424,0.172,0.295,0.099,0.026,0.054,0.065,0.031,0.002,0.020
1975,5,-0.751,0.199,0.250,0.091,0.032,0.056,0.065,0.031,0.002,0.019
1975,6,0.270,0.319,0.279,0.082,0.045,0.054,0.072,0.034,0.002,0.019
1975,7,-0.203,0.200,0.266,0.080,0.014,0.052,0.072,0.034,0.002,0.020
1975,8,0.556,0.382,0.376,0.077,-0.029,0.052,0.066,0.036,0.006,0.020
1975,9,0.955,0.216,0.218,0.073,-0.044,0.051,0.065,0.036,0.004,0.019
1975,10,0.823,0.109,0.121,0.074,-0.046,0.052,0.066,0.036,0.004,0.018
1975,11,0.086,0.078,0.181,0.076,-0.032,0.054,0.088,0.036,0.000,0.018
1975,12,-1.433,0.120,0.093,0.072,-0.019,0.054,0.090,0.037,0.003,0.017
1976,1,0.828,0.157,0.034,0.067,-0.015,0.055,0.089,0.037,0.002,0.017
1976,2,2.020,0.159,-0.086,0.101,-0.013,0.056,0.098,0.036,-0.006,0.017
1976,3,-0.963,0.144,-0.189,0.111,-0.016,0.056,0.112,0.037,-0.010,0.017
1976,4,-0.736,0.164,-0.258,0.096,-0.008,0.056,0.118,0.038,-0.011,0.017
1976,5,-0.031,0.256,-0.414,0.094,-0.007,0.054,0.121,0.038,-0.008,0.017
1976,6,-0.786,0.286,-0.341,0.098,0.015,0.055,0.127,0.038,-0.007,0.017
1976,7,-0.913,0.522,-0.575,0.095,0.034,0.056,0.130,0.038,-0.006,0.017
1976,8,-0.883,0.504,-0.806,0.100,0.079,0.056,0.132,0.038,-0.010,0.017
1976,9,-0.275,0.084,-0.654,0.102,0.083,0.056,0.134,0.037,-0.009,0.017
1976,10,-0.012,0.242,-0.573,0.092,0.064,0.054,0.126,0.038,-0.012,0.016
1976,11,-1.780,0.204,-0.607,0.107,0.053,0.056,0.106,0.038,-0.012,0.016
1976,12,-0.560,0.109,-0.555,0.102,0.063,0.054,0.097,0.038,-0.004,0.016
1977,1,-1.978,0.145,-0.473,0.077,0.053,0.056,0.101,0.039,0.005,0.016
1977,2,-0.761,0.196,-0.401,0.066,0.058,0.057,0.125,0.041,0.016,0.017
1977,3,0.865,0.162,-0.333,0.075,0.047,0.058,0.119,0.040,0.016,0.017
1977,4,0.243,0.175,-0.266,0.080,0.066,0.059,0.122,0.040,0.018,0.017
1977,5,-0.447,0.394,-0.090,0.076,0.044,0.056,0.120,0.039,0.013,0.017
1977,6,-0.163,0.171,0.047,0.078,0.101,0.057,0.116,0.040,0.011,0.017
1977,7,0.078,0.223,0.148,0.075,0.087,0.056,0.117,0.041,0.011,0.017
1977,8,-0.024,0.286,0.136,0.064,0.070,0.057,0.118,0.042,0.009,0.018
1977,9,0.543,0.203,0.053,0.056,0.045,0.058,0.120,0.042,0.011,0.018
1977,10,0.795,0.160,0.102,0.058,0.030,0.060,0.133,0.043,0.013,0.018
1977,11,0.332,0.134,0.185,0.065,0.049,0.062,0.135,0.045,0.022,0.018
1977,12,1.083,0.208,0.244,0.064,0.049,0.065,0.130,0.046,0.036,0.019
1978,1,-0.770,0.123,0.260,0.084,0.052,0.066,0.124,0.046,0.043,0.019
1978,2,-0.905,0.141,0.283,0.084,0.036,0.072,0.104,0.046,0.052,0.020
1978,3,-0.131,0.149,0.249,0.085,0.014,0.075,0.097,0.046,0.043,0.021
1978,4,0.833,0.145,0.177,0.079,-0.000,0.076,0.086,0.044,0.044,0.020
1978,5,0.551,0.164,0.204,0.081,0.038,0.077,0.091,0.044,0.044,0.020
1978,6,0.543,0.086,0.248,0.091,0.072,0.077,0.089,0.044,0.046,0.020
1978,7,0.270,0.366,0.435,0.104,0.060,0.076,0.085,0.044,0.049,0.020
1978,8,0.257,0.174,0.674,0.111,0.039,0.075,0.085,0.044,0.052,0.019
1978,9,0.136,0.204,0.646,0.116,0.076,0.076,0.089,0.044,0.054,0.019
1978,10,-0.077,0.090,0.566,0.110,0.108,0.076,0.097,0.044,0.059,0.018
1978,11,0.661,0.252,0.508,0.121,0.111,0.077,0.100,0.043,0.060,0.019
1978,12,1.606,0.264,0.485,0.122,0.133,0.075,0.100,0.043,0.060,0.019
1979,1,1.481,0.187,0.417,0.109,0.158,0.071,0.089,0.042,0.068,0.019
1979,2,1.962,0.126,0.384,0.107,0.172,0.067,0.085,0.042,0.080,0.019
1979,3,-0.474,0.152,0.307,0.108,0.174,0.068,0.089,0.043,0.081,0.020
1979,4,-0.127,0.160,0.381,0.117,0.154,0.069,0.081,0.043,0.081,0.019
1979,5,-0.141,0.403,0.268,0.113,0.156,0.068,0.079,0.044,0.079,0.019
1979,6,0.269,0.197,0.273,0.105,0.161,0.068,0.083,0.044,0.080,0.020
1979,7,-0.553,0.183,0.160,0.093,0.226,0.068,0.079,0.043,0.079,0.020
1979,8,-0.131,0.252,-0.029,0.088,0.254,0.068,0.081,0.044,0.080,0.020
1979,9,-0.792,0.147,-0.036,0.080,0.248,0.067,0.078,0.045,0.081,0.020
1979,10,0.806,0.219,-0.066,0.088,0.242,0.066,0.078,0.044,0.083,0.021
1979,11,-0.692,0.228,-0.024,0.079,0.255,0.067,0.079,0.044,0.086,0.021
1979,12,1.670,0.147,-0.022,0.100,0.253,0.067,0.083,0.045,0.095,0.022
1980,1,0.124,0.156,0.023,0.102,0.250,0.071,0.073,0.046,0.102,0.023
1980,2,-0.304,0.192,0.001,0.125,0.252,0.072,0.070,0.047,0.104,0.022
1980,3,-0.557,0.272,0.035,0.136,0.235,0.071,0.052,0.046,0.121,0.023
1980,4,-0.488,0.426,-0.034,0.151,0.241,0.071,0.054,0.045,0.120,0.024
1980,5,0.366,0.203,0.219,0.165,0.237,0.072,0.064,0.045,0.119,0.025
1980,6,0.284,0.374,0.131,0.172,0.215,0.072,0.061,0.044,0.123,0.025
1980,7,-0.010,0.190,0.133,0.170,0.234,0.071,0.060,0.046,0.124,0.025
1980,8,-0.390,0.471,0.221,0.162,0.238,0.072,0.059,0.048,0.124,0.025
1980,9,-0.383,0.138,0.373,0.155,0.237,0.072,0.045,0.049,0.127,0.025
1980,10,-0.023,0.147,0.509,0.136,0.217,0.071,0.042,0.049,0.131,0.025
1980,11,2.345,0.203,0.491,0.126,0.214,0.070,0.038,0.048,0.141,0.026
1980,12,0.607,0.146,0.511,0.105,0.196,0.071,0.046,0.049,0.146,0.026
1981,1,0.149,0.157,0.562,0.098,0.185,0.065,0.047,0.050,0.149,0.026
1981,2,0.749,0.135,0.593,0.078,0.183,0.065,0.031,0.050,0.155,0.027
1981,3,1.277,0.193,0.612,0.074,0.194,0.065,0.038,0.049,0.158,0.027
1981,4,1.137,0.203,0.510,0.067,0.202,0.064,0.040,0.047,0.156,0.027
1981,5,0.156,0.190,0.181,0.056,0.207,0.063,0.045,0.048,0.157,0.027
1981,6,0.521,0.121,0.104,0.052,0.186,0.060,0.054,0.045,0.159,0.026
1981,7,0.601,0.158,0.255,0.061,0.145,0.059,0.061,0.042,0.160,0.026
1981,8,-0.015,0.107,0.267,0.061,0.092,0.059,0.067,0.039,0.162,0.026
1981,9,-0.158,0.211,0.203,0.052,0.095,0.058,0.067,0.039,0.164,0.025
1981,10,-1.247,0.202,0.100,0.042,0.098,0.057,0.060,0.040,0.166,0.025
1981,11,-1.610,0.143,0.112,0.045,0.105,0.055,0.071,0.039,0.164,0.025
1981,12,-0.313,0.121,0.047,0.053,0.103,0.055,0.082,0.040,0.163,0.025
1982,1,1.958,0.130,-0.012,0.054,0.104,0.057,0.111,0.040,0.162,0.026
1982,2,0.896,0.121,-0.001,0.062,0.104,0.057,0.136,0.039,0.172,0.027
1982,3,0.510,0.115,-0.028,0.054,0.108,0.059,0.129,0.040,0.167,0.026
1982,4,-0.105,0.187,0.169,0.058,0.091,0.060,0.129,0.039,0.174,0.026
1982,5,0.304,0.125,0.315,0.066,0.114,0.062,0.131,0.039,0.172,0.026
1982,6,-0.252,0.223,0.320,0.070,0.065,0.064,0.129,0.040,0.169,0.026
1982,7,-0.115,0.153,0.187,0.071,0.060,0.065,0.128,0.041,0.168,0.026
1982,8,0.117,0.191,0.057,0.066,0.070,0.063,0.128,0.041,0.167,0.026
1982,9,-0.483,0.118,-0.002,0.069,0.059,0.059,0.125,0.042,0.169,0.026
1982,10,1.126,0.084,-0.023,0.070,0.078,0.053,0.120,0.042,0.168,0.027
1982,11,0.138,0.298,-0.016,0.068,0.079,0.051,0.118,0.042,0.167,0.028
1982,12,-0.250,0.218,-0.040,0.070,0.072,0.049,0.118,0.041,0.170,0.029
1983,1,0.356,0.115,-0.066,0.067,0.067,0.049,0.138,0.042,0.165,0.029
1983,2,-0.665,0.161,-0.063,0.065,0.082,0.047,0.143,0.043,0.170,0.029
1983,3,-0.199,0.158,0.043,0.077,0.076,0.047,0.133,0.043,0.171,0.029
1983,4,-0.349,0.183,-0.015,0.086,0.084,0.047,0.126,0.042,0.167,0.028
1983,5,0.387,0.149,0.050,0.085,0.038,0.048,0.121,0.043,0.167,0.028
1983,6,-0.545,0.178,0.100,0.103,0.020,0.047,0.122,0.044,0.167,0.028
1983,7,-0.422,0.186,-0.008,0.090,0.033,0.050,0.124,0.042,0.165,0.027
1983,8,0.153,0.105,-0.057,0.084,0.022,0.051,0.122,0.042,0.161,0.028
1983,9,0.794,0.252,-0.062,0.075,0.000,0.049,0.124,0.042,0.161,0.028
1983,10,0.419,0.231,-0.032,0.063,-0.027,0.049,0.128,0.043,0.162,0.028
1983,11,0.926,0.181,-0.039,0.052,-0.021,0.050,0.130,0.044,0.159,0.028
1983,12,0.348,0.144,0.019,0.056,-0.024,0.049,0.132,0.043,0.159,0.029
1984,1,-0.942,0.150,0.013,0.055,-0.035,0.046,0.127,0.042,0.163,0.029
1984,2,-1.253,0.169,-0.009,0.049,-0.039,0.046,0.116,0.042,0.171,0.030
1984,3,-0.255,0.101,-0.121,0.045,-0.041,0.045,0.123,0.044,0.172,0.030
1984,4,0.012,0.281,-0.175,0.056,-0.033,0.048,0.124,0.043,0.172,0.030
1984,5,0.298,0.166,-0.196,0.055,-0.015,0.051,0.128,0.042,0.174,0.030
1984,6,0.154,0.232,-0.331,0.051,0.004,0.052,0.123,0.044,0.178,0.030
1984,7,-0.491,0.204,-0.269,0.052,-0.003,0.051,0.125,0.044,0.181,0.030
1984,8,-0.119,0.144,-0.136,0.059,0.019,0.049,0.125,0.044,0.186,0.030
1984,9,-0.554,0.195,-0.219,0.059,0.010,0.050,0.133,0.046,0.187,0.031
1984,10,-0.220,0.203,-0.163,0.069,0.017,0.048,0.133,0.048,0.186,0.031
1984,11,0.674,0.200,-0.152,0.075,0.007,0.048,0.139,0.049,0.193,0.031
1984,12,-1.275,0.131,-0.177,0.091,0.006,0.049,0.140,0.049,0.206,0.032
1985,1,-0.193,0.148,-0.161,0.085,0.006,0.048,0.148,0.050,0.203,0.033
1985,2,0.333,0.136,-0.108,0.098,0.003,0.047,0.161,0.050,0.205,0.033
1985,3,-1.251,0.168,-0.124,0.095,0.015,0.047,0.177,0.049,0.203,0.033
1985,4,0.687,0.220,-0.068,0.103,-0.001,0.047,0.176,0.048,0.199,0.032
1985,5,0.427,0.156,-0.158,0.103,-0.002,0.048,0.174,0.047,0.205,0.032
1985,6,-0.144,0.211,-0.091,0.096,0.020,0.048,0.175,0.046,0.207,0.032
1985,7,-0.293,0.158,0.000,0.106,0.042,0.048,0.175,0.044,0.207,0.032
1985,8,0.515,0.128,-0.021,0.111,0.048,0.048,0.181,0.043,0.205,0.032
1985,9,-0.748,0.244,0.081,0.112,0.028,0.047,0.189,0.043,0.203,0.032
1985,10,0.447,0.262,-0.018,0.101,0.035,0.045,0.197,0.043,0.204,0.032
1985,11,-0.400,0.140,-0.009,0.104,0.028,0.043,0.194,0.042,0.208,0.032
1985,12,-0.477,0.150,0.031,0.091,0.048,0.042,0.202,0.042,0.216,0.033
1986,1,0.907,0.253,0.050,0.089,0.063,0.044,0.209,0.042,0.214,0.033
1986,2,0.080,0.187,-0.012,0.083,0.061,0.043,0.213,0.041,0.208,0.032
1986,3,-0.024,0.177,0.027,0.077,0.053,0.043,0.205,0.041,0.213,0.032
1986,4,-0.505,0.167,-0.076,0.084,0.054,0.045,0.195,0.041,0.213,0.031
1986,5,0.528,0.170,-0.085,0.091,0.054,0.044,0.193,0.041,0.215,0.032
1986,6,0.338,0.196,0.022,0.085,0.078,0.044,0.192,0.041,0.219,0.031
1986,7,-0.066,0.125,0.072,0.090,0.108,0.042,0.189,0.040,0.222,0.030
1986,8,-0.227,0.187,0.251,0.082,0.140,0.041,0.191,0.039,0.226,0.028
1986,9,-0.279,0.176,0.254,0.075,0.150,0.044,0.195,0.039,0.229,0.028
1986,10,-0.789,0.178,0.319,0.067,0.151,0.046,0.207,0.039,0.230,0.029
1986,11,-0.505,0.161,0.252,0.059,0.151,0.045,0.222,0.039,0.238,0.029
1986,12,0.812,0.125,0.196,0.055,0.144,0.048,0.230,0.040,0.244,0.029
1987,1,1.503,0.116,0.192,0.059,0.147,0.045,0.223,0.040,0.258,0.029
1987,2,2.223,0.119,0.207,0.045,0.145,0.046,0.220,0.039,0.265,0.029
1987,3,0.017,0.140,0.248,0.041,0.158,0.047,0.216,0.039,0.269,0.029
1987,4,0.278,0.168,0.330,0.048,0.176,0.050,0.226,0.038,0.271,0.029
1987,5,-0.283,0.143,0.377,0.056,0.164,0.049,0.223,0.037,0.277,0.028
1987,6,-0.331,0.210,0.400,0.062,0.214,0.050,0.222,0.038,0.279,0.028
1987,7,-0.115,0.298,0.413,0.061,0.236,0.052,0.219,0.037,0.280,0.028
1987,8,-0.043,0.199,0.206,0.071,0.251,0.053,0.216,0.037,0.283,0.028
1987,9,0.212,0.149,0.087,0.063,0.296,0.053,0.218,0.037,0.278,0.028
1987,10,0.188,0.162,0.070,0.055,0.274,0.054,0.203,0.037,0.275,0.028
1987,11,0.063,0.166,0.089,0.068,0.268,0.054,0.199,0.038,0.276,0.028
1987,12,1.081,0.157,0.170,0.069,0.278,0.055,0.210,0.037,0.273,0.028
1988,1,1.661,0.174,0.219,0.068,0.282,0.053,0.206,0.037,0.277,0.028
1988,2,-0.260,0.184,0.225,0.084,0.279,0.052,0.235,0.037,0.293,0.028
1988,3,-1.410,0.237,0.237,0.083,0.301,0.053,0.245,0.037,0.297,0.028
1988,4,0.078,0.156,0.259,0.093,0.309,0.055,0.249,0.035,0.305,0.028
1988,5,-0.054,0.203,0.330,0.094,0.349,0.056,0.242,0.035,0.306,0.028
1988,6,0.640,0.211,0.389,0.095,0.384,0.055,0.246,0.035,0.307,0.028
1988,7,0.473,0.160,0.325,0.091,0.384,0.054,0.246,0.034,0.308,0.027
1988,8,0.033,0.230,0.400,0.088,0.404,0.052,0.237,0.035,0.308,0.027
1988,9,0.353,0.191,0.547,0.094,0.409,0.052,0.232,0.035,0.314,0.027
1988,10,0.450,0.281,0.546,0.107,0.416,0.053,0.227,0.036,0.321,0.027
1988,11,0.913,0.172,0.576,0.096,0.407,0.054,0.219,0.036,0.326,0.028
1988,12,1.795,0.132,0.500,0.100,0.407,0.055,0.218,0.036,0.327,0.027
1989,1,0.886,0.133,0.434,0.095,0.414,0.053,0.237,0.036,0.331,0.027
1989,2,0.641,0.146,0.415,0.090,0.421,0.051,0.257,0.035,0.336,0.027
1989,3,0.362,0.213,0.401,0.093,0.431,0.051,0.254,0.035,0.340,0.027
1989,4,0.056,0.229,0.434,0.091,0.447,0.051,0.263,0.035,0.347,0.027
1989,5,0.314,0.205,0.355,0.090,0.459,0.051,0.269,0.035,0.349,0.027
1989,6,-0.276,0.217,0.352,0.082,0.455,0.051,0.273,0.036,0.351,0.027
1989,7,-0.323,0.139,0.369,0.091,0.449,0.051,0.283,0.035,0.356,0.028
1989,8,-0.194,0.094,0.422,0.088,0.421,0.051,0.291,0.035,0.357,0.028
1989,9,0.190,0.165,0.509,0.082,0.421,0.049,0.296,0.034,0.365,0.028
1989,10,0.849,0.206,0.455,0.086,0.435,0.046,0.294,0.034,0.364,0.029
1989,11,-0.034,0.129,0.432,0.088,0.440,0.047,0.308,0.033,0.372,0.029
1989,12,1.757,0.137,0.492,0.082,0.439,0.045,0.328,0.033,0.370,0.029
1990,1,1.093,0.204,0.517,0.077,0.433,0.044,0.333,0.033,0.370,0.029
1990,2,1.271,0.151,0.562,0.073,0.429,0.045,0.340,0.033,0.370,0.029
1990,3,1.409,0.157,0.591,0.067,0.422,0.043,0.353,0.032,0.375,0.028
1990,4,-0.597,0.184,0.597,0.061,0.407,0.043,0.344,0.032,0.380,0.027
1990,5,0.035,0.191,0.770,0.059,0.400,0.042,0.345,0.031,0.385,0.027
1990,6,0.445,0.188,0.755,0.064,0.400,0.043,0.353,0.031,0.387,0.027
1990,7,-0.014,0.163,0.741,0.054,0.370,0.043,0.355,0.031,0.392,0.027
1990,8,0.337,0.188,0.742,0.058,0.421,0.041,0.351,0.029,0.395,0.026
1990,9,0.541,0.385,0.648,0.056,0.462,0.041,0.361,0.030,0.399,0.027
1990,10,0.924,0.148,0.691,0.051,0.463,0.040,0.365,0.029,0.398,0.027
1990,11,2.040,0.204,0.685,0.047,0.456,0.037,0.377,0.029,0.386,0.026
1990,12,1.576,0.207,0.679,0.042,0.444,0.036,0.386,0.029,0.387,0.026
1991,1,0.926,0.159,0.707,0.046,0.429,0.033,0.382,0.028,0.389,0.026
1991,2,1.279,0.080,0.694,0.041,0.414,0.034,0.386,0.027,0.392,0.026
1991,3,0.286,0.113,0.676,0.041,0.411,0.032,0.387,0.027,0.391,0.025
1991,4,-0.082,0.158,0.613,0.044,0.399,0.031,0.387,0.026,0.388,0.025
1991,5,-0.039,0.194,0.463,0.046,0.384,0.032,0.386,0.026,0.392,0.025
1991,6,0.379,0.144,0.379,0.053,0.359,0.032,0.384,0.026,0.394,0.025
1991,7,0.320,0.157,0.395,0.059,0.366,0.034,0.383,0.026,0.396,0.025
1991,8,0.173,0.251,0.335,0.063,0.374,0.034,0.385,0.025,0.397,0.025
1991,9,0.331,0.146,0.312,0.065,0.358,0.031,0.391,0.025,0.401,0.025
1991,10,0.164,0.136,0.413,0.069,0.376,0.029,0.401,0.025,0.411,0.025
1991,11,0.247,0.132,0.417,0.060,0.386,0.031,0.405,0.025,0.425,0.026
1991,12,0.569,0.170,0.352,0.060,0.402,0.030,0.406,0.025,0.425,0.026
1992,1,1.111,0.136,0.286,0.054,0.420,0.030,0.405,0.024,0.428,0.027
1992,2,0.566,0.103,0.250,0.053,0.436,0.029,0.393,0.024,0.439,0.027
1992,3,0.004,0.129,0.205,0.056,0.434,0.029,0.409,0.023,0.447,0.026
1992,4,1.127,0.156,0.132,0.047,0.412,0.028,0.412,0.023,0.452,0.026
1992,5,0.014,0.147,0.080,0.056,0.452,0.028,0.422,0.022,0.453,0.026
1992,6,-0.397,0.147,0.123,0.047,0.442,0.026,0.428,0.022,0.458,0.027
1992,7,-0.480,0.100,0.018,0.053,0.430,0.026,0.433,0.022,0.461,0.026
1992,8,-0.255,0.186,0.208,0.051,0.429,0.025,0.439,0.023,0.463,0.026
1992,9,-0.210,0.157,0.295,0.050,0.411,0.026,0.432,0.022,0.465,0.027
1992,10,-0.706,0.197,0.209,0.050,0.414,0.025,0.431,0.021,0.461,0.027
1992,11,-0.389,0.266,0.168,0.039,0.422,0.023,0.434,0.021,0.462,0.027
1992,12,1.085,0.252,0.199,0.043,0.428,0.024,0.428,0.022,0.463,0.028
1993,1,-0.142,0.268,0.199,0.039,0.427,0.024,0.416,0.022,0.467,0.028
1993,2,2.847,0.081,0.148,0.049,0.422,0.026,0.443,0.022,0.480,0.027
1993,3,1.050,0.096,0.183,0.055,0.421,0.025,0.461,0.022,0.485,0.027
1993,4,0.093,0.107,0.220,0.047,0.421,0.027,0.483,0.023,0.490,0.026
1993,5,-0.479,0.125,0.250,0.043,0.405,0.026,0.490,0.023,0.490,0.026
1993,6,-0.028,0.136,0.185,0.045,0.389,0.025,0.491,0.022,0.494,0.026
1993,7,-0.474,0.167,0.307,0.051,0.380,0.025,0.492,0.021,0.496,0.026
1993,8,-0.867,0.177,0.162,0.048,0.367,0.026,0.494,0.022,0.496,0.026
1993,9,0.208,0.166,0.027,0.049,0.365,0.026,0.504,0.020,0.497,0.026
1993,10,-0.268,0.160,0.110,0.052,0.357,0.026,0.514,0.020,0.497,0.026
1993,11,-0.024,0.163,0.229,0.055,0.364,0.026,0.521,0.020,0.496,0.026
1993,12,0.304,0.179,0.286,0.050,0.360,0.028,0.523,0.019,0.499,0.026
1994,1,1.321,0.243,0.390,0.051,0.353,0.029,0.534,0.020,0.507,0.026
1994,2,1.105,0.164,0.525,0.047,0.350,0.031,0.557,0.020,0.523,0.026
1994,3,-0.561,0.179,0.512,0.048,0.351,0.032,0.557,0.020,0.532,0.026
1994,4,1.087,0.131,0.500,0.057,0.355,0.033,0.569,0.021,0.541,0.026
1994,5,0.941,0.129,0.697,0.055,0.351,0.035,0.570,0.022,0.542,0.026
1994,6,0.655,0.134,0.769,0.050,0.358,0.033,0.579,0.023,0.543,0.026
1994,7,0.780,0.095,0.691,0.047,0.361,0.031,0.586,0.023,0.546,0.025
1994,8,0.749,0.152,0.699,0.049,0.365,0.030,0.589,0.023,0.546,0.026
1994,9,0.061,0.158,0.772,0.049,0.397,0.029,0.598,0.023,0.552,0.026
1994,10,-0.423,0.161,0.646,0.050,0.390,0.028,0.596,0.024,0.554,0.026
1994,11,2.345,0.154,0.612,0.047,0.405,0.028,0.605,0.023,0.556,0.026
1994,12,1.165,0.088,0.621,0.046,0.417,0.028,0.600,0.022,0.567,0.025
1995,1,0.388,0.144,0.555,0.049,0.434,0.028,0.592,0.022,0.571,0.026
1995,2,1.201,0.151,0.495,0.051,0.449,0.029,0.579,0.022,0.568,0.025
1995,3,0.321,0.086,0.531,0.049,0.442,0.028,0.573,0.023,0.577,0.025
1995,4,-0.435,0.137,0.642,0.047,0.455,0.030,0.583,0.023,0.580,0.025
1995,5,0.541,0.226,0.537,0.043,0.468,0.029,0.596,0.023,0.581,0.025
1995,6,0.763,0.169,0.487,0.039,0.457,0.030,0.599,0.024,0.587,0.024
1995,7,-0.016,0.133,0.489,0.037,0.462,0.032,0.609,0.024,0.592,0.025
1995,8,0.034,0.108,0.433,0.050,0.465,0.032,0.609,0.025,0.591,0.025
1995,9,0.484,0.181,0.416,0.050,0.461,0.033,0.609,0.024,0.601,0.025
1995,10,0.914,0.154,0.408,0.053,0.503,0.033,0.600,0.026,0.602,0.024
1995,11,1.081,0.167,0.396,0.054,0.524,0.034,0.578,0.026,0.611,0.024
1995,12,0.573,0.140,0.341,0.053,0.538,0.034,0.572,0.027,0.610,0.023
1996,1,0.410,0.086,0.333,0.061,0.554,0.033,0.570,0.027,0.612,0.023
1996,2,0.524,0.166,0.330,0.063,0.575,0.032,0.571,0.027,0.621,0.022
1996,3,0.119,0.142,0.326,0.059,0.596,0.031,0.578,0.027,0.626,0.022
1996,4,-0.530,0.148,0.279,0.057,0.629,0.033,0.582,0.026,0.631,0.022
1996,5,0.391,0.122,0.192,0.065,0.659,0.032,0.591,0.026,0.632,0.022
1996,6,0.108,0.163,0.225,0.060,0.687,0.033,0.595,0.028,0.634,0.022
1996,7,-0.106,0.126,0.299,0.053,0.702,0.035,0.602,0.028,0.639,0.022
1996,8,-0.004,0.130,0.326,0.045,0.740,0.037,0.603,0.029,0.645,0.022
1996,9,0.427,0.141,0.472,0.048,0.755,0.036,0.607,0.029,0.649,0.023
1996,10,0.352,0.116,0.577,0.047,0.762,0.037,0.616,0.029,0.662,0.023
1996,11,0.036,0.137,0.621,0.050,0.755,0.036,0.628,0.029,0.672,0.022
1996,12,0.967,0.159,0.638,0.053,0.756,0.035,0.621,0.028,0.673,0.023
1997,1,1.304,0.193,0.690,0.054,0.752,0.035,0.634,0.029,0.675,0.023
1997,2,0.844,0.141,0.744,0.055,0.743,0.036,0.658,0.030,0.683,0.023
1997,3,1.868,0.115,0.659,0.050,0.762,0.035,0.679,0.030,0.688,0.024
1997,4,0.733,0.151,0.635,0.053,0.779,0.036,0.679,0.029,0.692,0.024
1997,5,0.921,0.176,0.663,0.052,0.759,0.037,0.682,0.029,0.701,0.024
1997,6,0.313,0.162,0.617,0.063,0.757,0.035,0.695,0.029,0.707,0.024
1997,7,0.521,0.247,0.523,0.063,0.754,0.034,0.703,0.029,0.709,0.024
1997,8,0.640,0.161,0.707,0.063,0.728,0.035,0.710,0.029,0.714,0.025
1997,9,-0.593,0.131,0.615,0.058,0.735,0.035,0.712,0.030,0.717,0.025
1997,10,0.067,0.127,0.775,0.061,0.753,0.035,0.718,0.031,0.719,0.026
1997,11,0.369,0.168,0.763,0.062,0.770,0.034,0.725,0.030,0.724,0.026
1997,12,0.418,0.289,0.803,0.058,0.771,0.035,0.717,0.030,0.728,0.026
1998,1,0.171,0.221,0.803,0.055,0.791,0.034,0.729,0.031,0.719,0.026
1998,2,3.060,0.101,0.779,0.058,0.795,0.034,0.725,0.031,0.717,0.026
1998,3,0.764,0.089,0.953,0.061,0.796,0.034,0.724,0.031,0.735,0.026
1998,4,2.647,0.117,1.090,0.069,0.779,0.034,0.731,0.031,0.741,0.027
1998,5,0.785,0.197,1.208,0.071,0.750,0.036,0.738,0.031,0.747,0.027
1998,6,0.788,0.177,1.340,0.067,0.756,0.037,0.742,0.031,0.748,0.027
1998,7,0.522,0.165,1.511,0.062,0.760,0.038,0.746,0.031,0.748,0.027
1998,8,0.352,0.185,1.537,0.067,0.775,0.037,0.755,0.031,0.749,0.027
1998,9,1.495,0.126,1.501,0.074,0.791,0.036,0.761,0.031,0.751,0.028
1998,10,1.712,0.181,1.405,0.072,0.807,0.035,0.768,0.033,0.755,0.028
1998,11,1.776,0.146,1.382,0.065,0.817,0.034,0.774,0.032,0.756,0.029
1998,12,2.003,0.135,1.378,0.064,0.831,0.035,0.779,0.032,0.755,0.029
1999,1,2.222,0.177,1.379,0.060,0.851,0.035,0.778,0.034,0.758,0.029
1999,2,3.380,0.155,1.368,0.054,0.857,0.035,0.790,0.034,0.769,0.029
1999,3,0.331,0.108,1.340,0.055,0.863,0.035,0.809,0.034,0.774,0.029
1999,4,1.495,0.146,1.247,0.053,0.878,0.036,0.818,0.034,0.782,0.029
1999,5,0.505,0.132,1.195,0.056,0.905,0.037,0.815,0.034,0.785,0.030
1999,6,0.747,0.130,1.116,0.049,0.884,0.037,0.813,0.034,0.790,0.031
1999,7,0.526,0.098,0.948,0.043,0.906,0.041,0.808,0.035,0.793,0.031
1999,8,0.219,0.117,0.639,0.046,0.951,0.043,0.802,0.036,0.796,0.032
1999,9,1.158,0.125,0.671,0.041,0.961,0.043,0.808,0.036,0.800,0.031
1999,10,0.606,0.165,0.601,0.037,0.968,0.043,0.813,0.037,0.803,0.032
1999,11,1.153,0.109,0.688,0.042,0.959,0.042,0.804,0.038,0.800,0.032
1999,12,1.055,0.171,0.696,0.053,0.972,0.041,0.805,0.037,0.794,0.031
2000,1,0.198,0.097,0.749,0.054,0.973,0.041,0.809,0.037,0.797,0.032
2000,2,-0.322,0.169,0.754,0.053,0.971,0.041,0.795,0.036,0.798,0.031
2000,3,0.712,0.089,0.703,0.052,0.983,0.042,0.801,0.035,0.794,0.032
2000,4,0.657,0.114,0.645,0.049,0.982,0.043,0.816,0.036,0.793,0.032
2000,5,1.552,0.205,0.492,0.049,0.982,0.043,0.816,0.035,0.796,0.032
2000,6,0.840,0.199,0.481,0.054,0.977,0.042,0.822,0.036,0.798,0.032
2000,7,1.157,0.104,0.521,0.055,0.996,0.041,0.829,0.036,0.804,0.032
2000,8,0.283,0.145,0.665,0.049,0.985,0.041,0.831,0.036,0.807,0.033
2000,9,0.550,0.139,0.694,0.045,0.988,0.042,0.840,0.037,0.809,0.033
2000,10,-0.096,0.119,0.677,0.039,0.959,0.040,0.840,0.038,0.808,0.034
2000,11,-0.687,0.092,0.633,0.034,0.951,0.040,0.845,0.039,0.807,0.034
2000,12,0.928,0.149,0.640,0.036,0.946,0.040,0.835,0.040,0.802,0.034
2001,1,0.680,0.143,0.633,0.040,0.938,0.042,0.843,0.039,0.790,0.034
2001,2,1.397,0.066,0.638,0.039,0.936,0.042,0.855,0.040,0.794,0.034
2001,3,1.063,0.098,0.659,0.043,0.926,0.043,0.864,0.039,0.790,0.034
2001,4,0.458,0.118,0.771,0.043,0.907,0.044,0.875,0.040,0.796,0.035
2001,5,1.016,0.120,0.966,0.038,0.889,0.044,0.879,0.041,0.799,0.036
2001,6,0.932,0.171,0.868,0.029,0.871,0.044,0.885,0.041,0.802,0.036
2001,7,1.073,0.115,1.029,0.037,0.853,0.045,0.894,0.042,0.804,0.037
2001,8,0.346,0.159,1.206,0.047,0.839,0.044,0.906,0.042,0.807,0.038
2001,9,0.797,0.195,1.323,0.050,0.863,0.043,0.908,0.043,0.807,0.038
2001,10,1.246,0.138,1.379,0.056,0.874,0.043,0.924,0.044,0.811,0.038
2001,11,1.661,0.128,1.331,0.060,0.874,0.043,0.940,0.044,0.819,0.038
2001,12,-0.258,0.163,1.343,0.064,0.870,0.044,0.940,0.044,0.818,0.038
2002,1,2.613,0.227,1.301,0.072,0.864,0.046,0.945,0.046,0.811,0.038
2002,2,3.530,0.208,1.314,0.067,0.861,0.047,0.972,0.045,0.808,0.038
2002,3,2.458,0.098,1.258,0.067,0.854,0.048,0.968,0.047,0.810,0.039
2002,4,1.138,0.117,1.156,0.062,0.847,0.051,0.972,0.048,0.812,0.039
2002,5,0.435,0.113,1.051,0.061,0.849,0.052,0.979,0.048,0.818,0.040
2002,6,1.075,0.099,1.078,0.064,0.854,0.052,0.986,0.048,0.824,0.040
2002,7,0.566,0.239,0.971,0.066,0.865,0.053,0.986,0.048,0.829,0.041
2002,8,0.502,0.167,0.875,0.060,0.862,0.051,0.989,0.049,0.834,0.042
2002,9,0.134,0.181,0.753,0.059,0.866,0.051,1.002,0.049,0.836,0.042
2002,10,0.012,0.176,0.732,0.054,0.880,0.051,1.007,0.050,0.841,0.042
2002,11,0.401,0.155,0.722,0.060,0.862,0.052,1.015,0.051,0.842,0.043
2002,12,0.076,0.264,0.671,0.060,0.873,0.051,1.027,0.051,0.835,0.043
2003,1,1.321,0.244,0.629,0.064,0.868,0.051,1.022,0.050,0.838,0.043
2003,2,2.386,0.121,0.607,0.071,0.867,0.051,0.990,0.050,0.832,0.043
2003,3,0.991,0.120,0.669,0.067,0.884,0.053,1.009,0.051,0.839,0.043
2003,4,0.880,0.085,0.718,0.077,0.900,0.056,0.999,0.052,0.841,0.044
2003,5,0.319,0.191,0.741,0.073,0.939,0.057,1.004,0.052,0.849,0.044
2003,6,0.457,0.155,0.811,0.075,0.914,0.056,1.004,0.053,0.854,0.044
2003,7,0.064,0.209,0.797,0.076,0.925,0.054,1.005,0.053,0.859,0.045
2003,8,0.248,0.190,0.810,0.076,0.936,0.056,1.003,0.052,0.868,0.045
2003,9,0.875,0.185,0.875,0.075,0.938,0.056,0.999,0.052,0.870,0.046
2003,10,0.599,0.179,0.978,0.075,0.943,0.059,0.996,0.053,0.876,0.047
2003,11,0.673,0.131,0.997,0.073,0.941,0.060,0.990,0.053,0.880,0.047
2003,12,0.915,0.209,0.999,0.080,0.939,0.062,0.986,0.052,0.882,0.046
2004,1,1.151,0.186,1.011,0.082,0.937,0.064,0.981,0.052,0.887,0.047
2004,2,2.548,0.186,0.994,0.086,0.955,0.062,0.981,0.051,0.884,0.047
2004,3,1.770,0.151,0.978,0.085,0.953,0.062,0.990,0.052,0.895,0.047
2004,4,2.122,0.106,0.947,0.090,0.970,0.063,0.996,0.052,0.898,0.047
2004,5,0.547,0.130,0.994,0.096,0.975,0.062,0.999,0.053,0.897,0.047
2004,6,0.474,0.217,1.030,0.097,0.996,0.063,1.000,0.053,0.897,0.048
2004,7,0.209,0.236,1.007,0.090,0.983,0.062,1.000,0.054,0.897,0.048
2004,8,0.042,0.161,0.753,0.084,0.993,0.060,1.002,0.054,0.894,0.049
2004,9,0.684,0.164,0.687,0.077,0.975,0.062,1.003,0.054,0.897,0.049
2004,10,0.227,0.190,0.631,0.079,0.976,0.063,1.011,0.055,0.904,0.049
2004,11,1.241,0.161,0.628,0.081,0.998,0.064,0.995,0.055,0.899,0.049
2004,12,1.342,0.211,0.712,0.080,1.000,0.065,0.989,0.055,0.894,0.048
2005,1,0.880,0.198,0.766,0.069,0.998,0.065,1.003,0.055,0.903,0.049
2005,2,-0.507,0.168,0.782,0.070,1.008,0.066,1.017,0.055,0.909,0.048
2005,3,0.982,0.078,0.858,0.069,1.021,0.065,1.014,0.055,0.918,0.049
2005,4,1.452,0.241,0.909,0.066,1.031,0.068,1.002,0.055,0.925,0.049
2005,5,0.512,0.183,0.945,0.071,1.047,0.068,0.995,0.055,0.927,0.049
2005,6,1.483,0.145,0.782,0.067,1.078,0.068,0.997,0.055,0.927,0.050
2005,7,0.850,0.110,0.821,0.058,1.049,0.067,0.999,0.055,0.929,0.050
2005,8,0.242,0.105,1.036,0.067,0.995,0.066,1.005,0.055,0.931,0.051
2005,9,1.590,0.151,1.053,0.068,1.030,0.068,1.009,0.056,0.932,0.051
2005,10,0.844,0.199,0.994,0.074,1.040,0.069,1.016,0.058,0.933,0.052
2005,11,1.675,0.158,1.026,0.068,1.056,0.070,1.036,0.057,0.935,0.052
2005,12,-0.615,0.140,0.973,0.071,1.063,0.071,1.033,0.057,0.938,0.052
2006,1,1.346,0.177,0.981,0.077,1.072,0.069,1.010,0.058,0.939,0.052
2006,2,2.068,0.175,1.076,0.071,1.070,0.068,1.017,0.058,0.943,0.053
2006,3,1.190,0.129,1.000,0.071,1.072,0.068,1.002,0.059,0.953,0.053
2006,4,0.747,0.197,1.121,0.066,1.085,0.068,1.010,0.061,0.964,0.053
2006,5,0.891,0.284,1.142,0.067,1.091,0.068,1.007,0.062,0.966,0.054
2006,6,0.843,0.168,1.280,0.069,1.102,0.068,1.009,0.063,0.970,0.054
2006,7,0.946,0.176,1.321,0.082,1.109,0.066,1.006,0.064,0.976,0.055
2006,8,1.388,0.142,1.494,0.074,1.123,0.065,1.011,0.065,0.981,0.056
2006,9,0.678,0.185,1.509,0.086,1.117,0.066,1.007,0.064,0.986,0.056
2006,10,2.294,0.180,1.543,0.082,1.118,0.067,1.007,0.064,0.987,0.056
2006,11,1.933,0.129,1.619,0.080,1.124,0.068,1.011,0.064,0.990,0.056
2006,12,1.037,0.225,1.646,0.082,1.130,0.067,1.016,0.064,0.998,0.056
2007,1,1.833,0.183,1.606,0.082,1.136,0.066,0.988,0.064,1.002,0.056
2007,2,4.143,0.140,1.580,0.087,1.143,0.067,0.959,0.063,1.012,0.056
2007,3,1.376,0.151,1.599,0.086,1.152,0.065,0.941,0.064,1.007,0.056
2007,4,1.150,0.181,1.462,0.087,1.175,0.065,0.945,0.065,1.011,0.057
2007,5,1.805,0.186,1.413,0.086,1.142,0.063,0.954,0.066,1.014,0.057
2007,6,1.164,0.167,1.487,0.088,1.125,0.063,0.953,0.068,1.016,0.058
2007,7,0.472,0.171,1.300,0.078,1.141,0.064,0.955,0.068,1.020,0.058
2007,8,1.078,0.147,0.883,0.082,1.172,0.064,0.957,0.069,1.020,0.058
2007,9,0.904,0.110,1.026,0.083,1.162,0.064,0.960,0.069,1.029,0.058
2007,10,0.653,0.190,1.051,0.081,1.124,0.065,0.963,0.070,1.032,0.058
2007,11,1.343,0.200,1.009,0.086,1.128,0.064,0.959,0.070,1.034,0.059
2007,12,1.917,0.131,0.984,0.092,1.121,0.065,0.953,0.070,1.038,0.059
2008,1,-0.411,0.192,0.997,0.085,1.130,0.066,0.946,0.069,1.040,0.059
2008,2,-0.852,0.172,0.918,0.089,1.142,0.067,0.939,0.070,1.031,0.059
2008,3,3.083,0.171,0.927,0.090,1.134,0.066,0.953,0.070,1.043,0.059
2008,4,1.458,0.165,0.984,0.086,1.132,0.065,0.951,0.070,1.040,0.059
2008,5,1.302,0.193,0.961,0.077,1.132,0.064,0.960,0.070,1.043,0.060
2008,6,0.865,0.159,0.931,0.076,1.151,0.065,0.966,0.071,1.046,0.060
2008,7,0.618,0.184,1.098,0.082,1.096,0.066,0.972,0.070,1.049,0.060
2008,8,0.136,0.180,1.452,0.081,1.097,0.066,0.981,0.071,1.053,0.060
2008,9,1.006,0.147,1.312,0.076,1.067,0.068,0.978,0.071,1.049,0.061
2008,10,1.348,0.140,1.371,0.076,1.077,0.067,0.983,0.071,1.042,0.061
2008,11,1.065,0.102,1.339,0.070,1.073,0.068,0.986,0.071,1.040,0.061
2008,12,1.557,0.138,1.337,0.075,1.078,0.068,0.986,0.071,1.032,0.060
2009,1,1.591,0.135,1.332,0.077,1.075,0.069,0.995,0.071,1.030,0.060
2009,2,3.392,0.074,1.359,0.082,1.067,0.072,0.979,0.071,1.022,0.061
2009,3,1.410,0.125,1.377,0.082,1.062,0.072,0.981,0.071,1.030,0.061
2009,4,2.156,0.138,1.397,0.081,1.043,0.071,0.978,0.071,1.034,0.061
2009,5,0.925,0.245,1.246,0.077,1.046,0.071,0.978,0.071,1.034,0.061
2009,6,0.845,0.264,1.145,0.076,1.035,0.072,0.981,0.070,1.035,0.061
2009,7,0.556,0.181,1.164,0.077,0.992,0.072,0.985,0.070,1.035,0.062
2009,8,0.462,0.232,0.994,0.078,0.924,0.071,0.985,0.071,1.039,0.062
2009,9,1.216,0.184,0.911,0.071,0.907,0.072,0.986,0.070,1.042,0.062
2009,10,1.585,0.190,0.662,0.067,0.915,0.073,0.995,0.069,1.044,0.062
2009,11,-0.739,0.123,0.646,0.068,0.910,0.074,0.995,0.068,1.046,0.062
2009,12,0.341,0.164,0.665,0.070,0.907,0.075,0.983,0.067,1.046,0.063
2010,1,1.820,0.163,0.734,0.075,0.912,0.076,0.997,0.067,1.055,0.063
2010,2,1.354,0.190,0.777,0.067,0.907,0.078,1.024,0.068,1.068,0.063
2010,3,0.413,0.121,0.769,0.063,0.899,0.078,1.035,0.069,1.076,0.063
2010,4,-0.831,0.120,0.695,0.059,0.895,0.077,1.033,0.069,1.077,0.063
2010,5,0.734,0.157,0.897,0.064,0.870,0.076,1.039,0.070,1.078,0.064
2010,6,1.072,0.206,0.913,0.061,0.829,0.075,1.031,0.070,1.080,0.064
2010,7,1.381,0.193,0.597,0.060,0.844,0.076,1.028,0.071,1.078,0.065
2010,8,0.981,0.182,0.664,0.066,0.884,0.077,1.031,0.071,1.082,0.065
2010,9,1.116,0.171,0.574,0.079,0.876,0.075,1.023,0.072,1.085,0.066
2010,10,0.695,0.126,0.756,0.079,0.862,0.075,1.026,0.071,1.088,0.066
2010,11,1.692,0.141,0.752,0.086,0.863,0.073,1.026,0.070,1.098,0.066
2010,12,0.533,0.169,0.759,0.088,0.869,0.074,1.042,0.070,1.096,0.066
2011,1,-1.982,0.298,0.704,0.092,0.871,0.075,1.035,0.071,NaN,NaN
2011,2,2.167,0.181,0.701,0.092,0.892,0.076,1.030,0.071,NaN,NaN
2011,3,-0.667,0.182,0.640,0.093,0.885,0.076,1.042,0.071,NaN,NaN
2011,4,1.352,0.123,0.676,0.090,0.881,0.076,1.054,0.072,NaN,NaN
2011,5,0.683,0.266,0.714,0.098,0.882,0.076,1.052,0.072,NaN,NaN
2011,6,1.154,0.199,0.699,0.103,0.869,0.076,1.055,0.072,NaN,NaN
2011,7,0.725,0.279,0.801,0.102,0.881,0.077,1.057,0.073,NaN,NaN
2011,8,0.938,0.238,0.625,0.100,0.834,0.078,1.057,0.074,NaN,NaN
2011,9,0.389,0.222,0.710,0.102,0.845,0.078,1.064,0.074,NaN,NaN
2011,10,1.133,0.136,0.735,0.107,0.838,0.077,1.051,0.074,NaN,NaN
2011,11,2.143,0.217,0.801,0.105,0.833,0.076,1.039,0.072,NaN,NaN
2011,12,0.356,0.195,0.788,0.103,0.832,0.076,1.055,0.073,NaN,NaN
2012,1,-0.757,0.111,0.791,0.101,0.834,0.076,1.060,0.072,NaN,NaN
2012,2,0.050,0.156,0.779,0.106,0.827,0.077,1.051,0.072,NaN,NaN
2012,3,0.349,0.169,0.784,0.105,0.819,0.078,1.046,0.071,NaN,NaN
2012,4,1.657,0.185,0.724,0.105,0.814,0.077,1.051,0.071,NaN,NaN
2012,5,1.478,0.253,0.533,0.103,0.848,0.078,1.049,0.072,NaN,NaN
2012,6,1.000,0.173,0.454,0.104,0.842,0.076,1.045,0.073,NaN,NaN
2012,7,0.758,0.226,0.560,0.108,0.854,0.076,1.054,0.073,NaN,NaN
2012,8,0.798,0.275,0.684,0.112,0.876,0.076,1.051,0.074,NaN,NaN
2012,9,0.444,0.164,0.874,0.106,0.907,0.079,1.056,0.074,NaN,NaN
2012,10,0.412,0.113,0.785,0.098,0.942,0.078,1.057,0.073,NaN,NaN
2012,11,-0.150,0.118,0.779,0.087,0.949,0.080,1.053,0.072,NaN,NaN
2012,12,-0.588,0.273,0.794,0.089,0.941,0.081,1.050,0.073,NaN,NaN
2013,1,0.507,0.246,0.795,0.092,0.927,0.083,1.058,0.073,NaN,NaN
2013,2,1.545,0.221,0.843,0.092,0.920,0.083,1.073,0.073,NaN,NaN
2013,3,2.630,0.159,0.853,0.095,0.912,0.085,1.077,0.072,NaN,NaN
2013,4,0.582,0.146,0.915,0.099,0.921,0.085,1.082,0.072,NaN,NaN
2013,5,1.405,0.158,1.017,0.098,0.919,0.085,1.083,0.072,NaN,NaN
2013,6,1.183,0.215,1.134,0.100,0.933,0.086,1.087,0.073,NaN,NaN
2013,7,0.768,0.215,1.285,0.102,0.975,0.084,1.093,0.073,NaN,NaN
2013,8,1.373,0.227,1.202,0.103,0.962,0.085,1.102,0.074,NaN,NaN
2013,9,0.569,0.142,1.154,0.104,1.017,0.084,1.099,0.075,NaN,NaN
2013,10,1.162,0.165,1.249,0.102,1.031,0.085,1.088,0.074,NaN,NaN
2013,11,1.066,0.159,1.185,0.097,1.031,0.084,1.091,0.074,NaN,NaN
2013,12,0.818,0.214,1.153,0.097,1.032,0.083,1.077,0.074,NaN,NaN
2014,1,2.313,0.178,1.148,0.094,1.039,0.085,1.078,0.074,NaN,NaN
2014,2,0.556,0.242,1.034,0.097,1.047,0.086,1.063,0.075,NaN,NaN
2014,3,2.054,0.229,1.050,0.092,1.066,0.087,1.069,0.075,NaN,NaN
2014,4,1.725,0.135,1.061,0.088,1.059,0.086,1.072,0.075,NaN,NaN
2014,5,0.638,0.138,1.078,0.091,1.032,0.085,1.069,0.075,NaN,NaN
2014,6,0.791,0.221,1.007,0.089,1.076,0.086,1.070,0.076,NaN,NaN
2014,7,0.712,0.198,1.029,0.085,1.128,0.086,1.070,0.076,NaN,NaN
2014,8,-0.002,0.234,1.203,0.077,1.179,0.085,1.076,0.076,NaN,NaN
2014,9,0.765,0.119,1.222,0.079,1.186,0.083,1.080,0.077,NaN,NaN
2014,10,1.300,0.151,1.184,0.085,1.187,0.083,1.077,0.076,NaN,NaN
2014,11,1.270,0.203,1.228,0.096,1.187,0.083,1.098,0.076,NaN,NaN
2014,12,-0.042,0.232,1.213,0.093,1.184,0.083,1.103,0.075,NaN,NaN
2015,1,2.576,0.089,1.196,0.102,1.197,0.084,1.107,0.075,NaN,NaN
2015,2,2.650,0.141,1.245,0.101,1.195,0.085,1.120,0.075,NaN,NaN
2015,3,2.285,0.212,1.231,0.103,1.213,0.084,1.137,0.076,NaN,NaN
2015,4,1.269,0.282,1.226,0.102,1.218,0.085,1.153,0.076,NaN,NaN
2015,5,1.166,0.256,1.254,0.104,1.236,0.086,1.161,0.076,NaN,NaN
2015,6,0.602,0.175,1.370,0.105,1.271,0.087,1.162,0.077,NaN,NaN
2015,7,0.515,0.256,1.200,0.102,1.272,0.087,1.157,0.078,NaN,NaN
2015,8,0.583,0.176,1.096,0.103,1.262,0.086,1.159,0.079,NaN,NaN
2015,9,0.601,0.198,1.126,0.098,1.278,0.085,1.160,0.080,NaN,NaN
2015,10,1.242,0.145,1.202,0.099,1.302,0.086,1.160,0.079,NaN,NaN
2015,11,1.595,0.133,1.164,0.095,1.303,0.087,1.160,0.079,NaN,NaN
2015,12,1.359,0.228,1.211,0.091,1.305,0.086,1.159,0.079,NaN,NaN
2016,1,0.533,0.193,1.267,0.096,1.314,0.086,NaN,NaN,NaN,NaN
2016,2,1.402,0.163,1.334,0.098,1.313,0.087,NaN,NaN,NaN,NaN
2016,3,2.643,0.177,1.411,0.097,1.313,0.087,NaN,NaN,NaN,NaN
2016,4,2.181,0.142,1.368,0.097,1.295,0.085,NaN,NaN,NaN,NaN
2016,5,0.711,0.174,1.280,0.096,1.300,0.085,NaN,NaN,NaN,NaN
2016,6,1.167,0.225,1.414,0.099,1.284,0.084,NaN,NaN,NaN,NaN
2016,7,1.183,0.246,1.568,0.102,1.275,0.083,NaN,NaN,NaN,NaN
2016,8,1.396,0.177,1.707,0.094,1.292,0.082,NaN,NaN,NaN,NaN
2016,9,1.527,0.149,1.552,0.085,1.293,0.081,NaN,NaN,NaN,NaN
2016,10,0.727,0.176,1.517,0.084,1.306,0.081,NaN,NaN,NaN,NaN
2016,11,0.532,0.260,1.581,0.086,1.306,0.083,NaN,NaN,NaN,NaN
2016,12,2.968,0.273,1.548,0.089,1.309,0.083,NaN,NaN,NaN,NaN
2017,1,2.380,0.299,1.577,0.090,1.306,0.083,NaN,NaN,NaN,NaN
2017,2,3.076,0.140,1.520,0.095,1.325,0.081,NaN,NaN,NaN,NaN
2017,3,0.781,0.282,1.519,0.089,1.341,0.082,NaN,NaN,NaN,NaN
2017,4,1.754,0.139,1.521,0.094,1.340,0.082,NaN,NaN,NaN,NaN
2017,5,1.486,0.170,1.552,0.094,1.347,0.080,NaN,NaN,NaN,NaN
2017,6,0.762,0.217,1.428,0.094,1.364,0.078,NaN,NaN,NaN,NaN
2017,7,1.537,0.222,1.278,0.092,1.359,0.078,NaN,NaN,NaN,NaN
2017,8,0.709,0.201,1.104,0.101,1.364,0.078,NaN,NaN,NaN,NaN
2017,9,1.522,0.181,1.336,0.102,1.368,0.077,NaN,NaN,NaN,NaN
2017,10,0.741,0.209,1.356,0.103,1.364,0.077,NaN,NaN,NaN,NaN
2017,11,0.903,0.175,1.354,0.103,1.373,0.076,NaN,NaN,NaN,NaN
2017,12,1.484,0.231,1.402,0.103,1.383,0.077,NaN,NaN,NaN,NaN
2018,1,0.579,0.205,1.382,0.097,1.387,0.078,NaN,NaN,NaN,NaN
2018,2,0.987,0.195,1.432,0.102,1.397,0.079,NaN,NaN,NaN,NaN
2018,3,3.564,0.209,1.351,0.105,1.408,0.079,NaN,NaN,NaN,NaN
2018,4,2.003,0.136,1.298,0.099,1.400,0.078,NaN,NaN,NaN,NaN
2018,5,1.454,0.298,1.334,0.097,1.401,0.076,NaN,NaN,NaN,NaN
2018,6,1.341,0.268,1.201,0.095,1.384,0.075,NaN,NaN,NaN,NaN
2018,7,1.294,0.149,1.301,0.094,NaN,NaN,NaN,NaN,NaN,NaN
2018,8,1.313,0.301,1.351,0.098,NaN,NaN,NaN,NaN,NaN,NaN
2018,9,0.553,0.233,1.230,0.100,NaN,NaN,NaN,NaN,NaN,NaN
2018,10,0.100,0.161,1.272,0.098,NaN,NaN,NaN,NaN,NaN,NaN
2018,11,1.340,0.159,1.203,0.093,NaN,NaN,NaN,NaN,NaN,NaN
2018,12,-0.111,0.141,1.170,0.089,NaN,NaN,NaN,NaN,NaN,NaN
2019,1,1.777,0.196,1.110,0.091,NaN,NaN,NaN,NaN,NaN,NaN
2019,2,1.582,0.162,1.096,0.079,NaN,NaN,NaN,NaN,NaN,NaN
2019,3,2.120,0.180,1.193,0.077,NaN,NaN,NaN,NaN,NaN,NaN
2019,4,2.503,0.161,1.287,0.081,NaN,NaN,NaN,NaN,NaN,NaN
2019,5,0.618,0.209,1.317,0.079,NaN,NaN,NaN,NaN,NaN,NaN
2019,6,0.952,0.224,1.404,0.084,NaN,NaN,NaN,NaN,NaN,NaN
2019,7,0.569,0.160,1.448,0.084,NaN,NaN,NaN,NaN,NaN,NaN
2019,8,1.150,0.188,1.561,0.082,NaN,NaN,NaN,NaN,NaN,NaN
2019,9,1.714,0.153,1.596,0.075,NaN,NaN,NaN,NaN,NaN,NaN
2019,10,1.230,0.178,1.474,0.076,NaN,NaN,NaN,NaN,NaN,NaN
2019,11,1.696,0.170,1.561,0.085,NaN,NaN,NaN,NaN,NaN,NaN
2019,12,0.937,0.284,1.585,0.088,NaN,NaN,NaN,NaN,NaN,NaN
2020,1,2.303,0.202,1.599,0.097,NaN,NaN,NaN,NaN,NaN,NaN
2020,2,2.937,0.151,1.602,0.098,NaN,NaN,NaN,NaN,NaN,NaN
2020,3,2.541,0.158,1.566,0.101,NaN,NaN,NaN,NaN,NaN,NaN
2020,4,1.040,0.134,1.525,0.096,NaN,NaN,NaN,NaN,NaN,NaN
2020,5,1.666,0.213,1.521,0.096,NaN,NaN,NaN,NaN,NaN,NaN
2020,6,1.234,0.235,1.475,0.098,NaN,NaN,NaN,NaN,NaN,NaN
2020,7,0.745,0.295,NaN,NaN,NaN,NaN,NaN,NaN,NaN,NaN
2020,8,1.179,0.206,NaN,NaN,NaN,NaN,NaN,NaN,NaN,NaN
2020,9,1.283,0.248,NaN,NaN,NaN,NaN,NaN,NaN,NaN,NaN
2020,10,0.739,0.127,NaN,NaN,NaN,NaN,NaN,NaN,NaN,NaN
2020,11,1.647,0.168,NaN,NaN,NaN,NaN,NaN,NaN,NaN,NaN
2020,12,0.384,0.358,NaN,NaN,NaN,NaN,NaN,NaN,NaN,NaN