1965,1,1.367,0.134,-0.357,0.066,0.017,0.039,-0.097,0.047,-0.018,0.042
1965,2,-0.674,0.160,-0.340,0.066,0.009,0.040,-0.075,0.048,-0.014,0.042
1965,3,-2.869,0.177,-0.427,0.049,0.008,0.038,-0.063,0.048,-0.018,0.042
1965,4,0.531,0.167,-0.372,0.049,-0.012,0.038,-0.077,0.048,-0.031,0.042
1965,5,0.345,0.231,-0.265,0.056,-0.027,0.038,-0.069,0.049,-0.033,0.042
1965,6,-0.925,0.301,-0.088,0.064,-0.039,0.039,-0.070,0.047,-0.030,0.042
1965,7,-0.573,0.301,-0.338,0.063,0.002,0.042,-0.069,0.047,-0.031,0.042
1965,8,-0.482,0.108,-0.395,0.067,-0.009,0.043,-0.062,0.048,-0.036,0.042
1965,9,-1.614,0.227,-0.048,0.070,-0.011,0.044,-0.070,0.047,-0.043,0.043
1965,10,0.468,0.237,-0.137,0.069,-0.023,0.045,-0.082,0.047,-0.044,0.042
1965,11,1.735,0.277,-0.167,0.085,-0.048,0.046,-0.089,0.046,-0.034,0.042
1965,12,1.633,0.123,-0.115,0.101,-0.049,0.046,-0.074,0.046,-0.028,0.042
1966,1,-1.633,0.204,0.002,0.084,-0.056,0.049,-0.075,0.046,-0.030,0.042
1966,2,-1.356,0.078,-0.007,0.096,-0.068,0.050,-0.093,0.046,-0.014,0.042
1966,3,1.296,0.146,0.119,0.108,-0.090,0.055,-0.111,0.047,-0.010,0.041
1966,4,-0.541,0.249,0.021,0.100,-0.133,0.056,-0.104,0.046,-0.004,0.040
1966,5,-0.012,0.255,-0.045,0.085,-0.160,0.056,-0.106,0.047,-0.010,0.041
1966,6,-0.299,0.304,-0.191,0.081,-0.140,0.056,-0.105,0.047,-0.015,0.041
1966,7,0.826,0.182,0.117,0.074,-0.160,0.058,-0.109,0.048,-0.015,0.040
1966,8,-0.585,0.186,0.191,0.077,-0.151,0.057,-0.112,0.048,-0.017,0.040
1966,9,-0.100,0.273,0.220,0.077,-0.177,0.058,-0.107,0.047,-0.019,0.039
1966,10,-0.710,0.111,0.271,0.064,-0.164,0.056,-0.101,0.047,-0.033,0.040
1966,11,0.937,0.153,0.154,0.067,-0.164,0.054,-0.097,0.048,-0.037,0.040
1966,12,-0.117,0.113,0.136,0.060,-0.175,0.054,-0.083,0.049,-0.050,0.039
1967,1,2.070,0.126,0.016,0.066,-0.179,0.052,-0.070,0.050,-0.059,0.039
1967,2,-0.467,0.176,0.032,0.069,-0.155,0.056,-0.077,0.050,-0.064,0.039
1967,3,1.638,0.227,0.010,0.056,-0.138,0.057,-0.049,0.048,-0.060,0.038
1967,4,0.066,0.238,0.061,0.058,-0.163,0.057,-0.053,0.048,-0.052,0.038
1967,5,-1.405,0.274,-0.016,0.058,-0.170,0.057,-0.061,0.048,-0.047,0.037
1967,6,-0.519,0.114,-0.042,0.065,-0.157,0.059,-0.059,0.047,-0.042,0.037
1967,7,-0.609,0.249,-0.233,0.068,-0.200,0.058,-0.058,0.049,-0.042,0.039
1967,8,-0.393,0.267,-0.231,0.077,-0.174,0.059,-0.060,0.048,-0.041,0.039
1967,9,-0.368,0.157,-0.236,0.084,-0.146,0.059,-0.058,0.046,-0.037,0.039
1967,10,-0.098,0.139,-0.257,0.076,-0.168,0.058,-0.076,0.048,-0.031,0.040
1967,11,0.008,0.139,-0.231,0.071,-0.165,0.061,-0.096,0.048,-0.026,0.041
1967,12,-0.431,0.158,-0.187,0.073,-0.147,0.062,-0.112,0.048,-0.034,0.040
1968,1,-0.219,0.100,-0.170,0.063,-0.134,0.059,-0.088,0.047,-0.048,0.040
1968,2,-0.445,0.156,-0.197,0.065,-0.112,0.062,-0.091,0.046,-0.057,0.040
1968,3,1.586,0.194,-0.202,0.068,-0.086,0.060,-0.088,0.045,-0.049,0.040
1968,4,-0.190,0.169,-0.169,0.069,-0.111,0.060,-0.102,0.045,-0.046,0.040
1968,5,-1.091,0.150,-0.186,0.064,-0.142,0.058,-0.110,0.045,-0.052,0.040
1968,6,0.010,0.192,-0.283,0.059,-0.163,0.058,-0.108,0.045,-0.049,0.041
1968,7,-0.406,0.115,-0.264,0.067,-0.135,0.057,-0.109,0.047,-0.046,0.041
1968,8,-0.715,0.159,-0.268,0.077,-0.114,0.058,-0.106,0.049,-0.049,0.041
1968,9,-0.435,0.241,-0.612,0.086,-0.145,0.059,-0.115,0.050,-0.048,0.041
1968,10,0.305,0.145,-0.517,0.087,-0.142,0.061,-0.130,0.050,-0.049,0.040
1968,11,-0.198,0.109,-0.369,0.081,-0.159,0.061,-0.135,0.050,-0.053,0.041
1968,12,-1.593,0.121,-0.446,0.077,-0.145,0.060,-0.109,0.050,-0.058,0.041
1969,1,0.003,0.187,-0.387,0.068,-0.170,0.062,-0.112,0.050,-0.076,0.041
1969,2,-0.487,0.150,-0.266,0.071,-0.159,0.059,-0.099,0.050,-0.086,0.040
1969,3,-2.546,0.194,-0.191,0.066,-0.160,0.056,-0.073,0.049,-0.085,0.041
1969,4,0.947,0.168,-0.357,0.067,-0.139,0.058,-0.072,0.049,-0.088,0.040
1969,5,0.683,0.159,-0.336,0.071,-0.154,0.060,-0.077,0.049,-0.092,0.041
1969,6,-0.906,0.164,-0.179,0.075,-0.142,0.061,-0.074,0.049,-0.096,0.041
1969,7,0.294,0.260,-0.281,0.075,-0.172,0.063,-0.076,0.047,-0.097,0.041
1969,8,0.743,0.149,-0.166,0.077,-0.166,0.064,-0.078,0.050,-0.101,0.040
1969,9,0.466,0.230,-0.053,0.076,-0.162,0.062,-0.084,0.049,-0.098,0.040
1969,10,-1.685,0.099,-0.198,0.094,-0.164,0.063,-0.084,0.049,-0.094,0.040
1969,11,0.043,0.136,-0.212,0.096,-0.137,0.062,-0.084,0.049,-0.091,0.041
1969,12,0.299,0.144,-0.124,0.108,-0.131,0.061,-0.077,0.049,-0.091,0.041
1970,1,-1.223,0.124,-0.130,0.098,-0.133,0.061,-0.074,0.049,-0.088,0.040
1970,2,0.892,0.140,-0.122,0.110,-0.128,0.061,-0.073,0.049,-0.083,0.040
1970,3,-1.191,0.235,-0.166,0.107,-0.124,0.057,-0.058,0.048,-0.075,0.040
1970,4,-0.795,0.309,-0.110,0.115,-0.140,0.060,-0.082,0.046,-0.077,0.038
1970,5,0.519,0.162,-0.125,0.102,-0.164,0.060,-0.083,0.046,-0.075,0.038
1970,6,0.152,0.309,-0.118,0.096,-0.185,0.059,-0.080,0.046,-0.075,0.037
1970,7,0.219,0.083,-0.014,0.089,-0.179,0.056,-0.075,0.046,-0.070,0.037
1970,8,0.837,0.208,-0.099,0.094,-0.173,0.053,-0.072,0.048,-0.069,0.036
1970,9,-0.059,0.159,-0.046,0.087,-0.166,0.052,-0.067,0.049,-0.069,0.036
1970,10,-1.013,0.150,-0.010,0.088,-0.181,0.050,-0.069,0.049,-0.074,0.035
1970,11,-0.133,0.162,-0.138,0.091,-0.171,0.051,-0.079,0.048,-0.075,0.035
1970,12,0.375,0.146,-0.104,0.093,-0.167,0.050,-0.086,0.048,-0.064,0.035
1971,1,0.029,0.202,-0.178,0.101,-0.163,0.050,-0.071,0.047,-0.059,0.035
1971,2,-0.126,0.286,-0.242,0.088,-0.144,0.052,-0.033,0.047,-0.061,0.035
1971,3,-0.562,0.141,-0.253,0.082,-0.140,0.049,-0.036,0.047,-0.063,0.034
1971,4,-0.353,0.228,-0.123,0.085,-0.127,0.049,-0.027,0.045,-0.048,0.034
1971,5,-1.022,0.226,-0.109,0.097,-0.111,0.049,-0.032,0.046,-0.047,0.034
1971,6,0.557,0.139,-0.090,0.098,-0.078,0.048,-0.032,0.043,-0.046,0.034
1971,7,-0.668,0.176,-0.067,0.102,-0.064,0.046,-0.042,0.040,-0.044,0.034
1971,8,0.069,0.123,-0.066,0.083,-0.047,0.046,-0.043,0.038,-0.045,0.033
1971,9,-0.191,0.199,0.136,0.059,0.030,0.044,-0.044,0.037,-0.041,0.033
1971,10,0.544,0.156,0.161,0.060,0.020,0.044,-0.057,0.038,-0.045,0.033
1971,11,0.036,0.163,0.265,0.056,0.011,0.045,-0.080,0.039,-0.035,0.033
1971,12,0.605,0.169,0.207,0.058,0.027,0.046,-0.088,0.039,-0.030,0.033
1972,1,0.311,0.220,0.200,0.062,0.027,0.046,-0.135,0.039,-0.032,0.033
1972,2,-0.114,0.134,0.186,0.061,-0.000,0.048,-0.121,0.039,-0.038,0.033
1972,3,1.854,0.217,0.190,0.057,-0.030,0.047,-0.123,0.039,-0.029,0.033
1972,4,-0.054,0.170,0.060,0.064,-0.004,0.048,-0.109,0.038,-0.036,0.032
1972,5,0.230,0.178,-0.063,0.061,0.002,0.048,-0.090,0.036,-0.039,0.032
1972,6,-0.132,0.257,-0.255,0.057,0.004,0.048,-0.077,0.036,-0.043,0.031
1972,7,-0.755,0.253,-0.270,0.051,0.051,0.048,-0.067,0.036,-0.040,0.031
1972,8,-0.105,0.160,-0.267,0.037,0.027,0.049,-0.065,0.037,-0.040,0.031
1972,9,-0.142,0.266,-0.252,0.034,0.029,0.047,-0.056,0.038,-0.040,0.030
1972,10,-1.015,0.271,-0.343,0.022,0.005,0.045,-0.056,0.038,-0.047,0.029
1972,11,-1.442,0.150,-0.402,0.028,-0.001,0.043,-0.050,0.038,-0.052,0.029
1972,12,-1.700,0.122,-0.367,0.037,-0.012,0.045,-0.045,0.037,-0.046,0.029
1973,1,0.138,0.125,-0.317,0.025,-0.016,0.047,-0.060,0.037,-0.027,0.029
1973,2,-0.082,0.149,-0.277,0.022,-0.033,0.051,-0.083,0.037,-0.021,0.029
1973,3,2.038,0.100,-0.279,0.034,-0.049,0.055,-0.094,0.036,-0.024,0.029
1973,4,-1.147,0.227,-0.105,0.039,-0.027,0.054,-0.089,0.037,-0.035,0.029
1973,5,-0.483,0.129,0.077,0.047,-0.015,0.054,-0.081,0.037,-0.042,0.028
1973,6,0.290,0.166,0.251,0.047,-0.010,0.054,-0.079,0.037,-0.045,0.028
1973,7,-0.157,0.220,0.313,0.045,-0.006,0.055,-0.074,0.038,-0.044,0.027
1973,8,0.384,0.278,0.364,0.058,0.049,0.054,-0.069,0.039,-0.037,0.027
1973,9,-0.166,0.090,0.365,0.070,0.073,0.053,-0.060,0.039,-0.039,0.027
1973,10,1.071,0.229,0.490,0.099,0.088,0.050,-0.061,0.039,-0.049,0.027
1973,11,0.738,0.095,0.543,0.111,0.095,0.053,-0.060,0.040,-0.051,0.027
1973,12,0.388,0.173,0.522,0.112,0.080,0.053,-0.061,0.040,-0.058,0.027
1974,1,0.879,0.181,0.559,0.095,0.086,0.048,-0.095,0.040,-0.064,0.027
1974,2,0.538,0.159,0.455,0.096,0.074,0.046,-0.118,0.039,-0.052,0.026
1974,3,2.041,0.235,0.357,0.107,0.072,0.046,-0.090,0.039,-0.049,0.026
1974,4,0.358,0.207,0.256,0.104,0.025,0.048,-0.101,0.038,-0.053,0.025
1974,5,0.151,0.187,0.231,0.102,-0.005,0.050,-0.112,0.040,-0.056,0.026
1974,6,0.033,0.192,0.231,0.117,-0.034,0.049,-0.107,0.040,-0.054,0.026
1974,7,0.295,0.127,0.293,0.127,-0.098,0.050,-0.111,0.042,-0.057,0.025
1974,8,-0.865,0.212,0.203,0.133,-0.075,0.050,-0.121,0.042,-0.052,0.025
1974,9,-1.339,0.296,-0.058,0.112,-0.083,0.049,-0.119,0.043,-0.053,0.025
1974,10,-0.148,0.107,-0.275,0.093,-0.053,0.049,-0.099,0.044,-0.053,0.024
1974,11,0.442,0.145,-0.275,0.088,-0.042,0.049,-0.107,0.044,-0.056,0.024
1974,12,0.386,0.273,-0.319,0.082,-0.023,0.049,-0.096,0.043,-0.050,0.024
1975,1,1.628,0.155,-0.343,0.092,-0.002,0.049,-0.078,0.043,-0.064,0.023
1975,2,-0.543,0.183,-0.286,0.098,-0.001,0.051,-0.090,0.042,-0.068,0.023
1975,3,-1.092,0.162,-0.258,0.103,0.013,0.053,-0.087,0.041,-0.049,0.023
1975,4,-2.244,0.177,-0.223,0.100,0.029,0.053,-0.078,0.040,-0.044,0.022
1975,5,0.149,0.221,-0.212,0.095,0.064,0.054,-0.081,0.039,-0.041,0.021
1975,6,-0.495,0.334,-0.187,0.087,0.095,0.052,-0.081,0.040,-0.038,0.021
1975,7,0.011,0.235,-0.301,0.087,0.060,0.053,-0.072,0.039,-0.034,0.021
1975,8,-0.187,0.373,0.011,0.083,0.007,0.054,-0.075,0.040,-0.034,0.021
1975,9,-1.005,0.222,0.176,0.076,-0.022,0.054,-0.067,0.041,-0.032,0.021
1975,10,0.271,0.081,0.408,0.076,0.004,0.057,-0.066,0.040,-0.033,0.021
1975,11,0.573,0.089,0.346,0.083,0.009,0.059,-0.062,0.041,-0.045,0.021
1975,12,0.685,0.115,0.359,0.072,0.009,0.059,-0.055,0.041,-0.062,0.021
1976,1,0.265,0.149,0.328,0.065,0.014,0.059,-0.042,0.040,-0.044,0.020
1976,2,3.201,0.159,0.290,0.101,0.007,0.060,-0.028,0.040,-0.033,0.021
1976,3,0.894,0.145,0.350,0.110,0.020,0.060,-0.014,0.040,-0.027,0.021
1976,4,0.537,0.187,0.137,0.095,0.005,0.059,0.008,0.040,-0.020,0.021
1976,5,-0.597,0.283,-0.056,0.091,-0.009,0.059,0.012,0.040,-0.018,0.021
1976,6,-0.335,0.257,-0.211,0.095,-0.044,0.059,0.014,0.040,-0.012,0.021
1976,7,-0.359,0.508,-0.526,0.094,-0.127,0.059,0.021,0.040,-0.015,0.021
1976,8,-0.655,0.481,-0.688,0.097,-0.189,0.058,0.022,0.039,-0.013,0.021
1976,9,-0.278,0.068,-0.648,0.097,-0.210,0.058,0.025,0.039,-0.015,0.021
1976,10,-2.292,0.248,-0.547,0.085,-0.223,0.057,0.012,0.039,-0.013,0.021
1976,11,-1.742,0.129,-0.424,0.099,-0.234,0.058,0.026,0.039,-0.018,0.021
1976,12,-1.172,0.104,-0.308,0.095,-0.240,0.056,0.024,0.040,-0.014,0.021
1977,1,-3.510,0.152,-0.236,0.067,-0.248,0.058,0.006,0.040,-0.019,0.021
1977,2,1.251,0.171,-0.186,0.058,-0.242,0.058,0.001,0.041,-0.009,0.021
1977,3,1.377,0.146,-0.105,0.068,-0.207,0.059,-0.009,0.041,-0.012,0.021
1977,4,1.744,0.157,0.079,0.074,-0.194,0.059,-0.019,0.041,-0.006,0.020
1977,5,0.886,0.364,0.282,0.072,-0.217,0.057,-0.018,0.040,0.006,0.020
1977,6,1.049,0.175,0.392,0.073,-0.196,0.056,-0.026,0.040,0.013,0.020
1977,7,0.508,0.177,0.519,0.069,-0.208,0.055,-0.022,0.040,0.015,0.020
1977,8,-0.053,0.227,0.147,0.062,-0.208,0.055,-0.020,0.041,0.016,0.020
1977,9,0.695,0.170,0.057,0.060,-0.202,0.055,-0.022,0.041,0.019,0.020
1977,10,-0.087,0.155,-0.057,0.063,-0.160,0.055,-0.017,0.040,0.016,0.020
1977,11,0.696,0.091,-0.147,0.074,-0.160,0.055,-0.008,0.041,0.021,0.019
1977,12,0.149,0.213,-0.210,0.074,-0.149,0.056,0.019,0.042,0.026,0.019
1978,1,-1.988,0.132,-0.240,0.086,-0.128,0.056,0.035,0.042,0.023,0.019
1978,2,-3.213,0.162,-0.239,0.083,-0.116,0.062,0.049,0.043,0.024,0.019
1978,3,0.300,0.101,-0.243,0.080,-0.085,0.064,0.040,0.043,0.021,0.019
1978,4,0.369,0.108,-0.224,0.076,-0.104,0.064,0.031,0.042,0.024,0.019
1978,5,-0.191,0.148,-0.289,0.077,-0.108,0.063,0.026,0.041,0.031,0.019
1978,6,0.290,0.132,-0.445,0.080,-0.100,0.063,0.017,0.041,0.037,0.019
1978,7,0.153,0.340,-0.622,0.081,-0.078,0.063,0.021,0.040,0.041,0.019
1978,8,-0.037,0.116,-0.616,0.073,-0.106,0.062,0.032,0.040,0.048,0.018
1978,9,0.645,0.180,-0.578,0.075,-0.101,0.062,0.038,0.039,0.050,0.018
1978,10,0.133,0.079,-0.643,0.071,-0.071,0.061,0.032,0.039,0.048,0.018
1978,11,-0.080,0.169,-0.672,0.083,-0.072,0.061,0.033,0.038,0.052,0.018
1978,12,-1.718,0.193,-0.723,0.087,-0.053,0.059,-0.006,0.038,0.059,0.018
1979,1,-4.112,0.119,-0.752,0.074,-0.043,0.055,-0.017,0.037,0.070,0.017
1979,2,-3.142,0.076,-0.791,0.069,-0.029,0.050,-0.005,0.037,0.061,0.017
1979,3,0.757,0.125,-0.779,0.074,-0.023,0.051,-0.025,0.037,0.075,0.017
1979,4,-0.418,0.160,-0.739,0.083,-0.001,0.053,-0.034,0.038,0.076,0.016
1979,5,-0.540,0.397,-0.809,0.081,0.056,0.052,-0.035,0.039,0.074,0.016
1979,6,-0.316,0.228,-0.529,0.080,0.081,0.052,-0.034,0.038,0.077,0.016
1979,7,-0.198,0.147,-0.110,0.076,0.109,0.053,-0.039,0.038,0.077,0.017
1979,8,-0.501,0.196,0.107,0.075,0.076,0.052,-0.026,0.038,0.073,0.016
1979,9,0.785,0.107,-0.018,0.060,0.065,0.052,-0.022,0.039,0.069,0.017
1979,10,0.614,0.187,0.041,0.063,0.015,0.051,-0.023,0.038,0.077,0.016
1979,11,-0.923,0.195,0.095,0.052,0.007,0.052,-0.027,0.037,0.079,0.016
1979,12,1.650,0.108,0.138,0.069,-0.030,0.052,-0.024,0.038,0.065,0.016
1980,1,0.918,0.135,0.258,0.078,-0.041,0.055,-0.053,0.038,0.086,0.017
1980,2,-0.537,0.186,0.344,0.107,-0.039,0.055,-0.062,0.039,0.089,0.016
1980,3,-0.750,0.271,0.350,0.120,-0.056,0.054,-0.040,0.037,0.103,0.017
1980,4,0.288,0.424,0.227,0.137,-0.063,0.053,-0.006,0.036,0.109,0.017
1980,5,0.112,0.167,0.335,0.151,-0.080,0.054,0.002,0.036,0.104,0.017
1980,6,0.198,0.330,0.293,0.156,-0.056,0.054,0.005,0.035,0.108,0.018
1980,7,1.239,0.166,0.349,0.156,0.010,0.053,0.007,0.036,0.106,0.017
1980,8,0.530,0.474,0.521,0.148,0.091,0.053,0.005,0.037,0.104,0.018
1980,9,0.855,0.118,0.681,0.140,0.101,0.053,0.004,0.039,0.110,0.017
1980,10,-0.855,0.087,0.851,0.118,0.059,0.052,0.002,0.038,0.114,0.017
1980,11,0.367,0.162,0.790,0.104,0.042,0.050,-0.012,0.038,0.122,0.018
1980,12,1.147,0.131,0.840,0.084,0.025,0.051,-0.038,0.037,0.115,0.018
1981,1,1.589,0.171,0.757,0.074,0.027,0.046,-0.017,0.038,0.114,0.018
1981,2,1.531,0.098,0.725,0.048,0.057,0.045,-0.034,0.037,0.128,0.018
1981,3,1.173,0.174,0.664,0.043,0.055,0.044,-0.017,0.036,0.136,0.018
1981,4,2.323,0.146,0.651,0.042,0.060,0.044,-0.013,0.035,0.141,0.018
1981,5,-0.616,0.165,0.762,0.037,0.074,0.043,-0.003,0.035,0.150,0.018
1981,6,0.792,0.144,0.696,0.039,0.032,0.041,0.008,0.033,0.149,0.017
1981,7,0.249,0.122,0.410,0.050,0.094,0.040,0.012,0.029,0.153,0.017
1981,8,0.139,0.092,0.222,0.055,0.179,0.040,0.016,0.026,0.155,0.018
1981,9,0.133,0.187,0.183,0.052,0.160,0.040,0.014,0.026,0.156,0.017
1981,10,-1.020,0.177,-0.115,0.044,0.155,0.041,0.032,0.027,0.155,0.017
1981,11,1.708,0.094,-0.031,0.048,0.164,0.039,0.045,0.026,0.150,0.017
1981,12,0.347,0.141,-0.194,0.053,0.171,0.040,0.060,0.026,0.153,0.017
1982,1,-1.843,0.135,-0.230,0.055,0.171,0.042,0.098,0.026,0.161,0.017
1982,2,-0.720,0.084,-0.233,0.062,0.191,0.042,0.103,0.025,0.174,0.018
1982,3,0.698,0.108,-0.273,0.056,0.164,0.043,0.100,0.025,0.175,0.017
1982,4,-1.254,0.141,-0.230,0.056,0.148,0.045,0.096,0.025,0.179,0.017
1982,5,0.396,0.138,-0.396,0.056,0.162,0.048,0.102,0.025,0.180,0.017
1982,6,-1.162,0.179,-0.297,0.056,0.148,0.049,0.102,0.025,0.179,0.017
1982,7,-0.179,0.107,0.021,0.051,0.102,0.050,0.096,0.026,0.177,0.017
1982,8,0.105,0.137,0.221,0.046,0.084,0.047,0.097,0.026,0.172,0.017
1982,9,-0.354,0.112,0.237,0.049,0.121,0.042,0.093,0.026,0.173,0.017
1982,10,-0.498,0.095,0.161,0.047,0.148,0.037,0.088,0.026,0.178,0.018
1982,11,-0.293,0.307,0.030,0.045,0.164,0.035,0.092,0.025,0.180,0.019
1982,12,1.537,0.214,0.066,0.052,0.158,0.033,0.098,0.024,0.184,0.019
1983,1,1.979,0.124,0.104,0.049,0.142,0.033,0.106,0.024,0.185,0.019
1983,2,1.672,0.118,0.241,0.049,0.125,0.030,0.132,0.024,0.179,0.019
1983,3,0.891,0.145,0.313,0.058,0.093,0.031,0.136,0.025,0.172,0.019
1983,4,-2.155,0.147,0.393,0.066,0.109,0.033,0.137,0.025,0.175,0.018
1983,5,-1.180,0.184,0.479,0.068,0.083,0.035,0.144,0.026,0.179,0.018
1983,6,-0.728,0.156,-0.000,0.091,0.024,0.034,0.152,0.026,0.175,0.017
1983,7,0.273,0.145,-0.199,0.083,0.045,0.034,0.157,0.025,0.172,0.017
1983,8,1.755,0.093,-0.174,0.079,0.037,0.036,0.165,0.025,0.171,0.018
1983,9,0.503,0.222,-0.281,0.076,0.067,0.033,0.159,0.025,0.168,0.018
1983,10,0.459,0.265,-0.162,0.066,0.046,0.035,0.157,0.026,0.161,0.018
1983,11,0.742,0.151,-0.063,0.052,0.065,0.035,0.165,0.026,0.152,0.018
1983,12,-4.213,0.172,0.007,0.059,0.070,0.036,0.180,0.026,0.153,0.019
1984,1,-0.407,0.124,-0.033,0.053,0.066,0.034,0.235,0.025,0.148,0.019
1984,2,1.975,0.105,-0.122,0.045,0.061,0.033,0.239,0.025,0.141,0.019
1984,3,-0.394,0.122,-0.236,0.040,0.050,0.033,0.241,0.026,0.141,0.019
1984,4,-0.728,0.307,-0.300,0.049,0.065,0.037,0.253,0.027,0.143,0.019
1984,5,0.011,0.142,-0.369,0.046,0.033,0.039,0.259,0.025,0.144,0.020
1984,6,0.109,0.281,0.049,0.038,0.039,0.039,0.260,0.027,0.150,0.020
1984,7,-0.203,0.185,-0.068,0.047,0.086,0.039,0.265,0.028,0.149,0.020
1984,8,0.684,0.167,-0.371,0.057,0.130,0.039,0.267,0.028,0.153,0.021
1984,9,-0.861,0.162,-0.214,0.049,0.134,0.039,0.257,0.030,0.161,0.021
1984,10,-0.319,0.202,0.003,0.057,0.178,0.038,0.253,0.031,0.162,0.022
1984,11,-0.079,0.180,0.095,0.067,0.197,0.038,0.266,0.033,0.162,0.022
1984,12,0.802,0.177,0.072,0.084,0.233,0.039,0.227,0.034,0.167,0.022
1985,1,-1.817,0.137,0.112,0.079,0.234,0.037,0.251,0.034,0.168,0.023
1985,2,-1.659,0.128,0.016,0.090,0.232,0.037,0.268,0.034,0.178,0.023
1985,3,1.495,0.107,-0.003,0.083,0.243,0.036,0.292,0.033,0.189,0.022
1985,4,1.876,0.185,0.030,0.095,0.239,0.036,0.296,0.031,0.194,0.022
1985,5,1.108,0.169,-0.062,0.098,0.264,0.038,0.290,0.030,0.190,0.022
1985,6,-0.169,0.201,-0.327,0.085,0.252,0.039,0.296,0.029,0.191,0.022
1985,7,0.277,0.166,0.060,0.085,0.203,0.038,0.285,0.028,0.191,0.022
1985,8,-0.466,0.157,0.290,0.082,0.172,0.038,0.282,0.027,0.197,0.023
1985,9,-1.083,0.205,0.410,0.081,0.171,0.036,0.287,0.027,0.201,0.023
1985,10,0.073,0.315,0.341,0.076,0.215,0.034,0.293,0.027,0.201,0.024
1985,11,-1.177,0.188,0.294,0.079,0.245,0.030,0.305,0.026,0.199,0.023
1985,12,-2.378,0.125,0.398,0.072,0.280,0.029,0.285,0.026,0.196,0.024
1986,1,2.824,0.157,0.375,0.074,0.287,0.031,0.271,0.025,0.195,0.024
1986,2,1.096,0.101,0.405,0.072,0.274,0.030,0.285,0.025,0.186,0.023
1986,3,2.939,0.155,0.450,0.067,0.264,0.032,0.286,0.025,0.178,0.023
1986,4,1.049,0.146,0.433,0.076,0.253,0.033,0.274,0.026,0.175,0.022
1986,5,0.542,0.161,0.513,0.081,0.255,0.032,0.288,0.027,0.179,0.023
1986,6,1.082,0.249,0.769,0.072,0.328,0.030,0.285,0.027,0.184,0.022
1986,7,0.002,0.131,0.618,0.084,0.376,0.029,0.284,0.026,0.186,0.021
1986,8,-0.113,0.210,0.686,0.080,0.299,0.028,0.288,0.026,0.190,0.020
1986,9,-0.537,0.138,0.518,0.072,0.322,0.030,0.288,0.026,0.188,0.020
1986,10,-0.129,0.185,0.545,0.061,0.351,0.033,0.299,0.026,0.196,0.021
1986,11,-0.223,0.147,0.630,0.051,0.354,0.032,0.273,0.026,0.199,0.021
1986,12,0.696,0.121,0.623,0.037,0.349,0.036,0.282,0.027,0.205,0.021
1987,1,1.015,0.097,0.612,0.032,0.359,0.033,0.316,0.027,0.220,0.022
1987,2,1.905,0.086,0.620,0.028,0.342,0.033,0.348,0.027,0.220,0.021
1987,3,0.929,0.083,0.690,0.026,0.351,0.034,0.360,0.027,0.223,0.021
1987,4,1.377,0.157,0.641,0.034,0.357,0.037,0.377,0.027,0.208,0.021
1987,5,1.557,0.148,0.761,0.044,0.369,0.036,0.379,0.027,0.203,0.021
1987,6,1.000,0.159,0.768,0.050,0.305,0.037,0.384,0.027,0.198,0.021
1987,7,-0.126,0.281,0.602,0.059,0.399,0.037,0.375,0.027,0.196,0.021
1987,8,-0.021,0.123,0.431,0.067,0.452,0.039,0.364,0.027,0.196,0.021
1987,9,0.300,0.180,0.424,0.063,0.463,0.039,0.367,0.027,0.197,0.021
1987,10,-0.713,0.134,0.346,0.057,0.445,0.039,0.373,0.027,0.197,0.021
1987,11,1.211,0.154,0.269,0.069,0.415,0.039,0.367,0.028,0.191,0.022
1987,12,0.784,0.141,0.298,0.072,0.435,0.040,0.348,0.028,0.193,0.021
1988,1,-0.979,0.087,0.367,0.060,0.428,0.039,0.335,0.028,0.213,0.021
1988,2,-0.152,0.109,0.449,0.067,0.439,0.038,0.309,0.028,0.237,0.022
1988,3,0.848,0.229,0.418,0.060,0.481,0.040,0.305,0.027,0.237,0.022
1988,4,0.442,0.175,0.462,0.073,0.478,0.043,0.318,0.026,0.235,0.022
1988,5,0.628,0.197,0.433,0.077,0.527,0.043,0.332,0.026,0.242,0.023
1988,6,1.349,0.227,0.380,0.084,0.545,0.043,0.332,0.026,0.240,0.023
1988,7,0.702,0.147,0.667,0.082,0.497,0.041,0.324,0.026,0.244,0.022
1988,8,0.966,0.233,0.461,0.081,0.533,0.041,0.310,0.027,0.249,0.023
1988,9,-0.072,0.194,0.470,0.091,0.506,0.041,0.299,0.027,0.256,0.023
1988,10,-0.181,0.297,0.517,0.107,0.503,0.043,0.290,0.027,0.258,0.023
1988,11,0.854,0.143,0.482,0.099,0.511,0.044,0.272,0.028,0.265,0.023
1988,12,0.154,0.118,0.355,0.103,0.499,0.045,0.311,0.027,0.278,0.023
1989,1,2.469,0.135,0.330,0.099,0.503,0.044,0.313,0.028,0.304,0.023
1989,2,-2.634,0.082,0.222,0.089,0.515,0.042,0.287,0.027,0.330,0.023
1989,3,0.957,0.193,0.199,0.091,0.525,0.041,0.307,0.028,0.331,0.023
1989,4,1.014,0.236,0.220,0.086,0.532,0.042,0.321,0.029,0.334,0.023
1989,5,0.200,0.253,0.200,0.086,0.514,0.043,0.324,0.030,0.336,0.024
1989,6,-0.169,0.161,-0.065,0.079,0.526,0.043,0.334,0.031,0.337,0.024
1989,7,0.402,0.113,0.047,0.079,0.546,0.043,0.337,0.030,0.340,0.024
1989,8,-0.333,0.104,0.396,0.077,0.567,0.044,0.333,0.031,0.345,0.025
1989,9,-0.351,0.146,0.492,0.071,0.586,0.044,0.344,0.030,0.341,0.025
1989,10,0.079,0.167,0.476,0.071,0.576,0.041,0.347,0.030,0.340,0.026
1989,11,0.615,0.162,0.403,0.071,0.560,0.042,0.351,0.030,0.358,0.026
1989,12,-3.029,0.141,0.500,0.061,0.534,0.041,0.358,0.029,0.358,0.027
1990,1,3.811,0.122,0.455,0.055,0.516,0.038,0.389,0.029,0.363,0.026
1990,2,1.554,0.119,0.499,0.053,0.497,0.038,0.419,0.029,0.378,0.026
1990,3,2.114,0.160,0.650,0.057,0.492,0.035,0.417,0.030,0.393,0.026
1990,4,0.823,0.182,0.634,0.053,0.506,0.034,0.394,0.029,0.395,0.025
1990,5,-0.679,0.163,0.728,0.040,0.470,0.033,0.379,0.030,0.402,0.025
1990,6,1.001,0.188,0.874,0.044,0.444,0.036,0.377,0.029,0.403,0.026
1990,7,-0.142,0.132,0.551,0.038,0.468,0.036,0.375,0.028,0.398,0.025
1990,8,0.195,0.212,0.690,0.044,0.445,0.034,0.390,0.027,0.401,0.025
1990,9,1.461,0.409,0.626,0.043,0.439,0.035,0.399,0.028,0.400,0.026
1990,10,-0.116,0.113,0.628,0.043,0.422,0.036,0.399,0.028,0.405,0.026
1990,11,1.747,0.220,0.771,0.041,0.418,0.036,0.410,0.028,0.395,0.026
1990,12,-1.275,0.205,0.720,0.041,0.385,0.036,0.431,0.028,0.379,0.026
1991,1,-0.072,0.123,0.750,0.049,0.362,0.035,0.407,0.027,0.376,0.026
1991,2,3.224,0.107,0.784,0.046,0.346,0.035,0.406,0.027,0.370,0.026
1991,3,1.348,0.082,0.670,0.024,0.335,0.035,0.372,0.027,0.366,0.026
1991,4,0.845,0.193,0.703,0.025,0.326,0.033,0.362,0.027,0.361,0.026
1991,5,1.040,0.156,0.448,0.028,0.288,0.033,0.362,0.027,0.370,0.026
1991,6,0.383,0.107,0.672,0.036,0.295,0.034,0.359,0.027,0.368,0.026
1991,7,0.220,0.121,0.863,0.040,0.251,0.036,0.360,0.028,0.370,0.026
1991,8,0.601,0.214,0.857,0.049,0.275,0.037,0.364,0.028,0.375,0.026
1991,9,0.090,0.160,0.917,0.054,0.293,0.035,0.363,0.028,0.377,0.027
1991,10,0.283,0.127,0.915,0.062,0.291,0.035,0.361,0.028,0.381,0.027
1991,11,-1.314,0.114,0.876,0.052,0.293,0.038,0.353,0.028,0.387,0.028
1991,12,1.416,0.154,0.798,0.056,0.320,0.037,0.350,0.029,0.392,0.028
1992,1,2.217,0.073,0.676,0.053,0.314,0.038,0.343,0.029,0.411,0.028
1992,2,3.153,0.096,0.530,0.054,0.323,0.038,0.336,0.029,0.419,0.028
1992,3,2.069,0.125,0.522,0.057,0.337,0.039,0.346,0.029,0.413,0.028
1992,4,0.822,0.157,0.512,0.050,0.336,0.038,0.320,0.030,0.424,0.028
1992,5,0.571,0.154,0.541,0.062,0.333,0.039,0.304,0.029,0.421,0.028
1992,6,-0.545,0.160,0.358,0.056,0.412,0.038,0.295,0.029,0.432,0.028
1992,7,-1.248,0.064,0.214,0.058,0.380,0.038,0.295,0.029,0.438,0.029
1992,8,-1.154,0.156,-0.177,0.059,0.385,0.038,0.295,0.029,0.440,0.029
1992,9,-0.009,0.151,-0.310,0.062,0.372,0.039,0.300,0.029,0.447,0.029
1992,10,0.169,0.171,-0.429,0.059,0.344,0.039,0.305,0.028,0.444,0.029
1992,11,-0.971,0.256,-0.439,0.051,0.342,0.036,0.290,0.028,0.445,0.029
1992,12,-0.781,0.274,-0.448,0.053,0.318,0.037,0.287,0.029,0.443,0.029
1993,1,0.495,0.200,-0.401,0.054,0.322,0.037,0.320,0.029,0.442,0.029
1993,2,-1.546,0.101,-0.303,0.061,0.341,0.040,0.342,0.029,0.432,0.029
1993,3,0.476,0.086,-0.367,0.068,0.317,0.037,0.337,0.030,0.434,0.029
1993,4,-0.603,0.060,-0.439,0.060,0.321,0.038,0.334,0.031,0.445,0.029
1993,5,0.444,0.118,-0.477,0.058,0.293,0.039,0.340,0.032,0.452,0.029
1993,6,-0.643,0.151,-0.365,0.064,0.316,0.038,0.327,0.032,0.454,0.028
1993,7,-0.689,0.140,-0.422,0.073,0.318,0.037,0.331,0.031,0.458,0.028
1993,8,0.016,0.198,-0.389,0.071,0.279,0.036,0.333,0.031,0.457,0.028
1993,9,-0.773,0.150,-0.262,0.070,0.239,0.037,0.353,0.030,0.456,0.028
1993,10,-0.697,0.143,-0.135,0.076,0.221,0.035,0.359,0.029,0.459,0.028
1993,11,-1.420,0.185,-0.144,0.077,0.212,0.035,0.366,0.028,0.458,0.027
1993,12,0.565,0.193,0.027,0.070,0.220,0.036,0.375,0.028,0.480,0.027
1994,1,-0.190,0.226,0.091,0.071,0.217,0.036,0.373,0.028,0.483,0.027
1994,2,-1.153,0.156,0.105,0.063,0.212,0.038,0.420,0.028,0.474,0.027
1994,3,1.995,0.161,0.209,0.064,0.200,0.038,0.421,0.028,0.490,0.027
1994,4,0.920,0.089,0.269,0.066,0.190,0.040,0.415,0.029,0.497,0.027
1994,5,0.334,0.147,0.426,0.064,0.191,0.042,0.413,0.031,0.501,0.027
1994,6,1.415,0.131,0.519,0.053,0.174,0.041,0.415,0.031,0.500,0.028
1994,7,0.080,0.075,0.693,0.045,0.139,0.041,0.416,0.031,0.500,0.027
1994,8,0.183,0.131,0.944,0.046,0.106,0.041,0.423,0.031,0.494,0.027
1994,9,0.475,0.145,0.890,0.049,0.105,0.041,0.425,0.031,0.499,0.028
1994,10,0.029,0.138,0.740,0.049,0.063,0.040,0.427,0.032,0.503,0.028
1994,11,0.461,0.140,0.648,0.044,0.047,0.039,0.450,0.032,0.509,0.027
1994,12,1.681,0.062,0.493,0.046,0.056,0.039,0.489,0.031,0.509,0.027
1995,1,1.897,0.142,0.492,0.043,0.075,0.037,0.475,0.031,0.525,0.027
1995,2,1.856,0.082,0.590,0.042,0.093,0.038,0.488,0.031,0.541,0.026
1995,3,1.352,0.097,0.549,0.038,0.109,0.037,0.494,0.032,0.538,0.026
1995,4,-0.883,0.110,0.559,0.039,0.104,0.037,0.494,0.033,0.533,0.027
1995,5,-0.774,0.225,0.529,0.034,0.111,0.036,0.514,0.032,0.527,0.027
1995,6,-0.443,0.151,0.398,0.035,0.131,0.036,0.509,0.034,0.530,0.026
1995,7,0.073,0.110,0.240,0.030,0.171,0.037,0.512,0.034,0.533,0.026
1995,8,1.354,0.061,0.161,0.030,0.240,0.037,0.520,0.035,0.538,0.026
1995,9,-0.010,0.148,-0.040,0.030,0.235,0.039,0.512,0.033,0.549,0.026
1995,10,0.142,0.174,0.016,0.032,0.246,0.039,0.517,0.033,0.551,0.026
1995,11,0.100,0.191,0.123,0.032,0.261,0.040,0.485,0.034,0.564,0.026
1995,12,0.108,0.132,0.227,0.035,0.270,0.039,0.473,0.035,0.572,0.026
1996,1,0.002,0.118,0.229,0.046,0.300,0.037,0.481,0.035,0.582,0.025
1996,2,0.907,0.144,0.141,0.049,0.319,0.035,0.454,0.035,0.579,0.025
1996,3,-1.057,0.098,0.086,0.047,0.372,0.033,0.445,0.035,0.570,0.025
1996,4,-0.207,0.094,0.048,0.044,0.392,0.033,0.447,0.034,0.576,0.026
1996,5,0.502,0.102,-0.062,0.042,0.443,0.032,0.451,0.034,0.579,0.026
1996,6,0.812,0.150,-0.040,0.044,0.455,0.032,0.452,0.035,0.580,0.026
1996,7,0.089,0.162,-0.029,0.049,0.496,0.032,0.455,0.034,0.587,0.027
1996,8,0.304,0.051,-0.011,0.051,0.565,0.033,0.462,0.035,0.591,0.027
1996,9,-0.671,0.079,0.249,0.052,0.549,0.032,0.465,0.035,0.590,0.027
1996,10,-0.314,0.129,0.123,0.056,0.539,0.033,0.464,0.035,0.587,0.027
1996,11,-1.218,0.109,0.051,0.060,0.534,0.033,0.501,0.036,0.593,0.027
1996,12,0.368,0.124,-0.019,0.062,0.510,0.032,0.502,0.035,0.598,0.028
1997,1,0.130,0.127,-0.037,0.053,0.517,0.032,0.506,0.035,0.597,0.028
1997,2,1.134,0.081,-0.068,0.059,0.524,0.032,0.490,0.035,0.585,0.028
1997,3,2.052,0.078,0.069,0.055,0.513,0.031,0.467,0.035,0.597,0.028
1997,4,-1.711,0.142,0.081,0.055,0.518,0.032,0.471,0.035,0.590,0.028
1997,5,-0.366,0.152,0.138,0.054,0.568,0.033,0.463,0.034,0.588,0.028
1997,6,-0.024,0.132,0.142,0.050,0.566,0.033,0.480,0.034,0.588,0.029
1997,7,-0.132,0.186,0.373,0.046,0.570,0.032,0.502,0.034,0.592,0.029
1997,8,-0.063,0.138,0.494,0.049,0.591,0.033,0.516,0.034,0.598,0.029
1997,9,0.968,0.084,0.339,0.048,0.615,0.033,0.526,0.035,0.601,0.029
1997,10,-0.164,0.117,0.484,0.043,0.644,0.034,0.514,0.035,0.610,0.029
1997,11,-0.533,0.173,0.627,0.044,0.685,0.034,0.523,0.034,0.610,0.029
1997,12,0.413,0.142,0.619,0.042,0.699,0.035,0.538,0.034,0.606,0.029
1998,1,2.902,0.110,0.724,0.042,0.702,0.035,0.548,0.034,0.612,0.029
1998,2,2.578,0.093,0.829,0.044,0.700,0.036,0.555,0.034,0.614,0.029
1998,3,0.201,0.086,0.945,0.045,0.708,0.035,0.562,0.034,0.612,0.030
1998,4,0.028,0.117,1.000,0.048,0.713,0.034,0.571,0.034,0.609,0.030
1998,5,1.351,0.173,1.185,0.050,0.676,0.034,0.572,0.034,0.605,0.031
1998,6,-0.119,0.166,1.257,0.050,0.630,0.036,0.576,0.033,0.602,0.031
1998,7,1.126,0.091,1.203,0.050,0.645,0.038,0.592,0.033,0.601,0.031
1998,8,1.192,0.130,1.240,0.051,0.629,0.038,0.605,0.032,0.598,0.031
1998,9,2.365,0.089,1.308,0.061,0.651,0.037,0.613,0.032,0.600,0.031
1998,10,0.495,0.170,1.330,0.062,0.673,0.036,0.629,0.033,0.600,0.031
1998,11,1.692,0.101,1.219,0.056,0.690,0.036,0.644,0.032,0.601,0.031
1998,12,1.270,0.073,1.228,0.054,0.685,0.036,0.649,0.032,0.597,0.031
1999,1,2.257,0.175,1.176,0.050,0.693,0.035,0.653,0.032,0.590,0.031
1999,2,3.021,0.125,1.126,0.045,0.711,0.035,0.661,0.032,0.607,0.031
1999,3,1.012,0.127,0.915,0.044,0.731,0.036,0.674,0.031,0.607,0.031
1999,4,0.299,0.167,0.901,0.043,0.738,0.036,0.673,0.032,0.603,0.030
1999,5,0.022,0.142,1.048,0.050,0.810,0.037,0.679,0.031,0.606,0.031
1999,6,-0.020,0.082,1.075,0.048,0.830,0.036,0.666,0.031,0.607,0.031
1999,7,0.508,0.040,1.063,0.044,0.873,0.036,0.664,0.031,0.604,0.032
1999,8,0.596,0.127,1.074,0.048,0.875,0.038,0.654,0.031,0.605,0.032
1999,9,-0.167,0.107,1.222,0.051,0.828,0.038,0.655,0.031,0.610,0.032
1999,10,0.327,0.151,1.267,0.053,0.880,0.037,0.660,0.032,0.602,0.032
1999,11,3.451,0.136,1.407,0.055,0.879,0.036,0.666,0.032,0.608,0.032
1999,12,1.600,0.151,1.440,0.062,0.903,0.036,0.660,0.031,0.613,0.031
2000,1,2.104,0.067,1.420,0.067,0.929,0.038,0.661,0.031,0.599,0.031
2000,2,3.155,0.079,1.471,0.068,0.939,0.038,0.664,0.030,0.587,0.030
2000,3,2.784,0.085,1.525,0.064,0.944,0.038,0.658,0.030,0.584,0.031
2000,4,0.845,0.143,1.535,0.060,0.925,0.039,0.671,0.031,0.586,0.031
2000,5,1.707,0.171,1.072,0.058,0.935,0.039,0.675,0.031,0.588,0.031
2000,6,0.373,0.151,0.716,0.062,0.945,0.038,0.683,0.031,0.589,0.031
2000,7,0.260,0.084,0.617,0.066,0.926,0.038,0.692,0.031,0.593,0.031
2000,8,1.208,0.144,0.350,0.060,0.871,0.039,0.687,0.031,0.598,0.032
2000,9,0.492,0.147,0.139,0.051,0.890,0.039,0.699,0.031,0.596,0.031
2000,10,0.445,0.090,0.162,0.040,0.897,0.038,0.703,0.031,0.601,0.031
2000,11,-2.104,0.132,0.145,0.038,0.883,0.038,0.717,0.031,0.595,0.031
2000,12,-2.674,0.120,0.156,0.031,0.883,0.037,0.714,0.031,0.598,0.031
2001,1,0.914,0.113,0.184,0.032,0.884,0.038,0.756,0.031,0.598,0.031
2001,2,-0.044,0.077,0.196,0.033,0.890,0.039,0.752,0.032,0.582,0.031
2001,3,0.247,0.083,0.200,0.035,0.853,0.039,0.768,0.031,0.582,0.031
2001,4,1.116,0.103,0.172,0.036,0.867,0.040,0.789,0.033,0.580,0.031
2001,5,1.512,0.125,0.604,0.038,0.844,0.041,0.796,0.033,0.574,0.032
2001,6,0.501,0.148,0.961,0.031,0.842,0.042,0.800,0.033,0.576,0.032
2001,7,0.591,0.086,1.107,0.033,0.810,0.042,0.813,0.034,0.582,0.033
2001,8,1.352,0.174,1.219,0.042,0.756,0.042,0.818,0.034,0.587,0.033
2001,9,0.545,0.179,1.134,0.043,0.798,0.042,0.817,0.035,0.590,0.033
2001,10,0.112,0.105,1.155,0.046,0.808,0.042,0.813,0.035,0.590,0.034
2001,11,3.075,0.118,0.996,0.047,0.825,0.041,0.833,0.035,0.600,0.033
2001,12,1.617,0.124,1.073,0.053,0.823,0.042,0.845,0.035,0.599,0.033
2002,1,2.662,0.179,1.140,0.066,0.810,0.044,0.852,0.035,0.605,0.033
2002,2,1.300,0.155,1.076,0.055,0.785,0.044,0.834,0.034,0.599,0.032
2002,3,-0.781,0.080,1.132,0.052,0.797,0.045,0.848,0.035,0.612,0.033
2002,4,1.369,0.103,1.015,0.057,0.803,0.047,0.860,0.036,0.617,0.033
2002,5,-0.388,0.093,0.766,0.058,0.765,0.046,0.873,0.037,0.623,0.033
2002,6,1.422,0.057,0.717,0.055,0.755,0.045,0.881,0.038,0.631,0.034
2002,7,1.389,0.209,0.639,0.051,0.753,0.044,0.888,0.039,0.644,0.035
2002,8,0.587,0.111,0.473,0.049,0.736,0.042,0.902,0.040,0.653,0.036
2002,9,1.223,0.148,0.646,0.050,0.701,0.041,0.902,0.040,0.657,0.036
2002,10,-1.299,0.188,0.572,0.049,0.698,0.042,0.915,0.041,0.655,0.036
2002,11,0.090,0.108,0.649,0.055,0.665,0.042,0.929,0.041,0.664,0.035
2002,12,1.036,0.129,0.519,0.049,0.668,0.040,0.925,0.040,0.674,0.034
2003,1,1.726,0.127,0.500,0.046,0.681,0.039,0.904,0.040,0.678,0.034
2003,2,-0.699,0.126,0.582,0.058,0.674,0.038,0.885,0.040,0.686,0.034
2003,3,1.297,0.131,0.494,0.054,0.691,0.039,0.887,0.040,0.684,0.034
2003,4,0.479,0.092,0.710,0.061,0.694,0.041,0.884,0.041,0.683,0.034
2003,5,0.537,0.190,0.728,0.061,0.758,0.041,0.870,0.041,0.683,0.034
2003,6,-0.139,0.136,0.739,0.066,0.798,0.038,0.877,0.042,0.691,0.034
2003,7,1.165,0.178,0.625,0.065,0.867,0.037,0.871,0.042,0.696,0.034
2003,8,1.563,0.183,0.663,0.062,0.875,0.038,0.863,0.042,0.698,0.035
2003,9,0.174,0.169,0.850,0.055,0.886,0.038,0.846,0.042,0.707,0.035
2003,10,1.288,0.117,0.885,0.059,0.906,0.042,0.841,0.043,0.708,0.035
2003,11,0.313,0.178,0.927,0.056,0.901,0.043,0.836,0.043,0.713,0.035
2003,12,1.164,0.118,0.927,0.060,0.915,0.045,0.819,0.042,0.706,0.034
2004,1,0.357,0.120,0.810,0.063,0.933,0.047,0.806,0.042,0.709,0.033
2004,2,-0.242,0.124,0.603,0.058,0.925,0.045,0.793,0.042,0.709,0.033
2004,3,3.539,0.114,0.635,0.065,0.904,0.045,0.794,0.042,0.699,0.033
2004,4,0.904,0.107,0.581,0.071,0.887,0.046,0.791,0.042,0.697,0.033
2004,5,1.035,0.067,0.653,0.069,0.857,0.045,0.798,0.043,0.698,0.033
2004,6,-0.132,0.161,0.639,0.067,0.860,0.044,0.799,0.043,0.695,0.033
2004,7,-0.248,0.205,0.777,0.062,0.831,0.044,0.792,0.045,0.695,0.034
2004,8,-0.920,0.078,0.973,0.056,0.793,0.042,0.787,0.045,0.695,0.034
2004,9,0.562,0.186,0.739,0.051,0.868,0.043,0.796,0.045,0.696,0.034
2004,10,0.638,0.166,0.719,0.051,0.840,0.044,0.776,0.045,0.702,0.034
2004,11,1.179,0.136,0.610,0.058,0.867,0.046,0.766,0.044,0.694,0.033
2004,12,0.994,0.146,0.664,0.056,0.858,0.047,0.736,0.043,0.695,0.032
2005,1,2.017,0.119,0.774,0.043,0.847,0.047,0.723,0.042,0.695,0.032
2005,2,2.114,0.130,0.913,0.044,0.864,0.049,0.686,0.041,0.685,0.032
2005,3,0.725,0.081,0.991,0.038,0.860,0.048,0.675,0.041,0.689,0.032
2005,4,0.664,0.238,0.991,0.029,0.904,0.051,0.678,0.041,0.698,0.032
2005,5,-0.273,0.169,1.038,0.032,0.922,0.050,0.663,0.041,0.703,0.032
2005,6,0.519,0.101,0.932,0.033,0.905,0.050,0.670,0.041,0.711,0.033
2005,7,1.068,0.058,1.187,0.032,0.881,0.049,0.674,0.041,0.712,0.033
2005,8,0.750,0.085,1.045,0.040,0.898,0.048,0.675,0.041,0.709,0.033
2005,9,1.504,0.142,1.060,0.041,0.885,0.048,0.679,0.042,0.718,0.033
2005,10,0.629,0.157,1.197,0.044,0.871,0.050,0.685,0.043,0.724,0.033
2005,11,1.749,0.123,1.323,0.039,0.856,0.049,0.704,0.042,0.730,0.033
2005,12,-0.281,0.175,1.392,0.043,0.871,0.051,0.723,0.042,0.742,0.032
2006,1,5.081,0.188,1.444,0.051,0.858,0.050,0.715,0.041,0.748,0.032
2006,2,0.410,0.124,1.454,0.052,0.836,0.049,0.711,0.041,0.756,0.032
2006,3,0.896,0.098,1.267,0.051,0.838,0.050,0.718,0.042,0.776,0.032
2006,4,2.317,0.178,1.141,0.048,0.815,0.050,0.713,0.043,0.781,0.032
2006,5,1.236,0.265,1.097,0.051,0.828,0.048,0.697,0.044,0.780,0.033
2006,6,1.342,0.171,1.274,0.055,0.796,0.046,0.700,0.045,0.784,0.033
2006,7,1.692,0.184,0.925,0.061,0.802,0.045,0.708,0.046,0.788,0.034
2006,8,0.876,0.211,0.813,0.054,0.831,0.045,0.712,0.046,0.791,0.034
2006,9,-0.744,0.147,1.043,0.059,0.789,0.045,0.714,0.046,0.799,0.034
2006,10,-0.884,0.118,0.825,0.059,0.773,0.044,0.717,0.046,0.809,0.034
2006,11,1.224,0.163,0.828,0.060,0.771,0.045,0.700,0.045,0.828,0.034
2006,12,1.846,0.175,0.788,0.067,0.775,0.047,0.696,0.044,0.825,0.033
2007,1,0.885,0.074,0.709,0.063,0.773,0.046,0.704,0.043,0.834,0.032
2007,2,-0.934,0.120,0.768,0.064,0.789,0.048,0.708,0.043,0.845,0.032
2007,3,3.662,0.126,0.912,0.065,0.795,0.046,0.758,0.044,0.849,0.032
2007,4,-0.298,0.215,1.100,0.069,0.750,0.044,0.763,0.044,0.862,0.032
2007,5,1.263,0.190,1.095,0.068,0.767,0.043,0.782,0.045,0.865,0.032
2007,6,0.873,0.164,0.941,0.068,0.717,0.042,0.781,0.047,0.870,0.033
2007,7,0.738,0.163,0.892,0.060,0.692,0.042,0.786,0.047,0.875,0.033
2007,8,1.579,0.158,0.998,0.065,0.636,0.042,0.790,0.048,0.876,0.033
2007,9,0.992,0.080,0.733,0.068,0.648,0.042,0.787,0.048,0.875,0.033
2007,10,1.373,0.182,0.730,0.067,0.657,0.042,0.797,0.049,0.879,0.033
2007,11,1.165,0.148,0.595,0.065,0.661,0.041,0.806,0.048,0.889,0.033
2007,12,-0.003,0.101,0.582,0.064,0.672,0.043,0.810,0.047,0.889,0.032
2008,1,0.291,0.184,0.553,0.060,0.667,0.044,0.807,0.046,0.883,0.032
2008,2,0.338,0.077,0.444,0.062,0.676,0.046,0.816,0.045,0.876,0.032
2008,3,0.489,0.150,0.386,0.066,0.668,0.047,0.805,0.045,0.879,0.032
2008,4,-0.340,0.188,0.262,0.061,0.676,0.046,0.795,0.046,0.874,0.032
2008,5,-0.358,0.157,0.258,0.054,0.650,0.045,0.794,0.045,0.881,0.032
2008,6,0.716,0.139,0.195,0.052,0.648,0.046,0.805,0.046,0.889,0.033
2008,7,0.400,0.159,0.230,0.054,0.563,0.046,0.800,0.046,0.889,0.033
2008,8,0.262,0.150,0.326,0.053,0.546,0.045,0.792,0.045,0.888,0.033
2008,9,0.304,0.136,0.372,0.048,0.551,0.046,0.801,0.045,0.884,0.033
2008,10,-0.122,0.098,0.395,0.043,0.521,0.046,0.787,0.045,0.881,0.033
2008,11,1.115,0.121,0.498,0.040,0.492,0.046,0.783,0.044,0.870,0.033
2008,12,-0.750,0.143,0.449,0.050,0.484,0.046,0.764,0.043,0.870,0.033
2009,1,0.708,0.123,0.383,0.054,0.482,0.047,0.764,0.042,0.867,0.033
2009,2,1.486,0.058,0.365,0.060,0.498,0.049,0.757,0.042,0.849,0.033
2009,3,1.041,0.063,0.418,0.062,0.524,0.049,0.725,0.042,0.843,0.033
2009,4,-0.064,0.144,0.258,0.061,0.547,0.048,0.721,0.042,0.846,0.033
2009,5,0.874,0.231,0.347,0.060,0.543,0.047,0.718,0.043,0.845,0.033
2009,6,0.130,0.274,0.244,0.060,0.533,0.046,0.724,0.042,0.846,0.033
2009,7,-0.391,0.184,0.226,0.056,0.576,0.045,0.726,0.042,0.846,0.034
2009,8,0.049,0.183,-0.002,0.051,0.623,0.045,0.735,0.043,0.848,0.034
2009,9,0.942,0.113,0.030,0.045,0.649,0.046,0.737,0.042,0.857,0.034
2009,10,-2.040,0.140,0.137,0.045,0.687,0.045,0.744,0.041,0.851,0.034
2009,11,2.181,0.118,0.060,0.040,0.697,0.046,0.723,0.040,0.835,0.034
2009,12,-1.989,0.181,0.151,0.040,0.705,0.047,0.730,0.038,0.836,0.034
2010,1,0.497,0.118,0.248,0.045,0.724,0.048,0.729,0.039,0.840,0.033
2010,2,-1.257,0.187,0.350,0.044,0.716,0.050,0.706,0.039,0.832,0.033
2010,3,1.427,0.141,0.358,0.043,0.715,0.051,0.720,0.040,0.832,0.033
2010,4,1.222,0.152,0.616,0.041,0.689,0.049,0.724,0.039,0.828,0.033
2010,5,-0.055,0.130,0.454,0.042,0.689,0.048,0.730,0.039,0.823,0.033
2010,6,1.223,0.211,0.584,0.044,0.714,0.046,0.739,0.040,0.826,0.033
2010,7,0.778,0.194,0.540,0.040,0.733,0.046,0.733,0.041,0.830,0.033
2010,8,1.270,0.174,0.598,0.049,0.733,0.045,0.732,0.041,0.831,0.033
2010,9,1.040,0.198,0.575,0.052,0.725,0.044,0.737,0.041,0.832,0.034
2010,10,1.056,0.096,0.518,0.055,0.718,0.043,0.745,0.040,0.830,0.034
2010,11,0.240,0.147,0.481,0.062,0.732,0.042,0.743,0.039,0.849,0.034
2010,12,-0.436,0.137,0.452,0.064,0.740,0.042,0.770,0.039,0.866,0.034
2011,1,-0.031,0.206,0.517,0.071,0.741,0.043,0.739,0.039,NaN,NaN
2011,2,-0.564,0.121,0.562,0.073,0.748,0.044,0.761,0.039,NaN,NaN
2011,3,1.160,0.132,0.544,0.067,0.764,0.044,0.783,0.039,NaN,NaN
2011,4,0.537,0.161,0.497,0.060,0.759,0.043,0.773,0.038,NaN,NaN
2011,5,-0.500,0.224,0.562,0.065,0.738,0.043,0.764,0.038,NaN,NaN
2011,6,0.872,0.176,0.699,0.060,0.731,0.042,0.769,0.038,NaN,NaN
2011,7,1.560,0.245,0.994,0.062,0.726,0.043,0.763,0.039,NaN,NaN
2011,8,1.812,0.182,1.197,0.059,0.683,0.042,0.764,0.040,NaN,NaN
2011,9,0.826,0.187,1.533,0.060,0.661,0.042,0.781,0.039,NaN,NaN
2011,10,0.482,0.095,1.655,0.059,0.668,0.042,0.804,0.039,NaN,NaN
2011,11,1.027,0.172,1.854,0.060,0.664,0.042,0.822,0.037,NaN,NaN
2011,12,1.202,0.165,1.890,0.064,0.674,0.041,0.805,0.037,NaN,NaN
2012,1,3.508,0.099,1.918,0.062,0.679,0.041,0.816,0.036,NaN,NaN
2012,2,1.879,0.134,1.860,0.071,0.682,0.042,0.856,0.036,NaN,NaN
2012,3,5.187,0.175,1.866,0.073,0.680,0.043,0.849,0.035,NaN,NaN
2012,4,1.998,0.174,1.812,0.075,0.738,0.042,0.865,0.034,NaN,NaN
2012,5,1.895,0.238,1.824,0.076,0.678,0.041,0.856,0.034,NaN,NaN
2012,6,1.301,0.174,1.848,0.079,0.743,0.041,0.858,0.034,NaN,NaN
2012,7,1.892,0.209,1.675,0.081,0.765,0.041,0.863,0.034,NaN,NaN
2012,8,1.117,0.244,1.549,0.077,0.776,0.042,0.850,0.034,NaN,NaN
2012,9,0.903,0.140,1.114,0.073,0.792,0.042,0.849,0.034,NaN,NaN
2012,10,-0.165,0.103,0.885,0.066,0.792,0.040,0.844,0.033,NaN,NaN
2012,11,1.173,0.092,0.766,0.053,0.799,0.041,0.849,0.032,NaN,NaN
2012,12,1.488,0.253,0.756,0.049,0.806,0.041,0.854,0.032,NaN,NaN
2013,1,1.435,0.177,0.640,0.044,0.798,0.043,0.863,0.032,NaN,NaN
2013,2,0.364,0.130,0.603,0.040,0.787,0.042,0.867,0.032,NaN,NaN
2013,3,-0.035,0.153,0.634,0.040,0.805,0.042,0.870,0.032,NaN,NaN
2013,4,-0.749,0.178,0.612,0.044,0.815,0.042,0.864,0.032,NaN,NaN
2013,5,0.472,0.131,0.502,0.041,0.836,0.042,0.892,0.032,NaN,NaN
2013,6,1.182,0.204,0.279,0.039,0.893,0.042,0.901,0.032,NaN,NaN
2013,7,0.493,0.150,0.195,0.039,0.916,0.041,0.907,0.032,NaN,NaN
2013,8,0.677,0.185,0.072,0.040,0.975,0.041,0.912,0.033,NaN,NaN
2013,9,1.270,0.094,0.054,0.044,1.015,0.040,0.923,0.034,NaN,NaN
2013,10,-0.424,0.110,0.144,0.046,1.025,0.040,0.921,0.034,NaN,NaN
2013,11,-0.145,0.122,0.161,0.044,1.036,0.039,0.904,0.033,NaN,NaN
2013,12,-1.196,0.202,0.120,0.042,1.053,0.038,0.920,0.033,NaN,NaN
2014,1,0.433,0.164,0.074,0.040,1.044,0.039,0.927,0.033,NaN,NaN
2014,2,-1.115,0.112,0.036,0.042,1.029,0.039,0.904,0.033,NaN,NaN
2014,3,-0.252,0.222,-0.003,0.045,1.038,0.039,0.893,0.034,NaN,NaN
2014,4,0.335,0.168,0.155,0.047,1.062,0.039,0.902,0.033,NaN,NaN
2014,5,0.672,0.131,0.049,0.052,1.101,0.037,0.892,0.034,NaN,NaN
2014,6,0.688,0.208,0.308,0.059,1.078,0.037,0.892,0.034,NaN,NaN
2014,7,-0.056,0.173,0.423,0.064,1.055,0.037,0.901,0.034,NaN,NaN
2014,8,0.223,0.170,0.462,0.067,1.089,0.035,0.909,0.034,NaN,NaN
2014,9,0.807,0.109,0.685,0.065,1.050,0.034,0.919,0.034,NaN,NaN
2014,10,1.468,0.135,0.756,0.064,1.042,0.033,0.926,0.034,NaN,NaN
2014,11,-1.421,0.190,0.733,0.061,1.015,0.033,0.904,0.034,NaN,NaN
2014,12,1.913,0.290,0.814,0.057,1.012,0.033,0.935,0.033,NaN,NaN
2015,1,1.814,0.152,0.843,0.069,1.002,0.034,0.957,0.033,NaN,NaN
2015,2,-0.642,0.110,0.875,0.069,0.984,0.034,0.978,0.033,NaN,NaN
2015,3,2.423,0.167,0.983,0.062,0.983,0.034,0.989,0.033,NaN,NaN
2015,4,1.183,0.307,0.997,0.058,0.999,0.035,0.978,0.033,NaN,NaN
2015,5,0.401,0.252,1.241,0.056,1.009,0.035,0.982,0.033,NaN,NaN
2015,6,1.652,0.160,1.330,0.055,0.993,0.036,0.981,0.033,NaN,NaN
2015,7,0.295,0.206,1.294,0.051,0.992,0.037,0.985,0.033,NaN,NaN
2015,8,0.608,0.131,1.594,0.048,1.000,0.036,0.987,0.034,NaN,NaN
2015,9,2.105,0.145,1.690,0.050,1.016,0.036,0.984,0.034,NaN,NaN
2015,10,1.634,0.130,1.688,0.049,1.010,0.036,0.975,0.034,NaN,NaN
2015,11,1.507,0.127,1.667,0.050,1.052,0.038,0.994,0.034,NaN,NaN
2015,12,2.976,0.223,1.687,0.049,1.062,0.038,1.008,0.033,NaN,NaN
2016,1,1.390,0.218,1.747,0.046,1.073,0.038,NaN,NaN,NaN,NaN
2016,2,2.957,0.095,1.773,0.042,1.077,0.041,NaN,NaN,NaN,NaN
2016,3,3.577,0.146,1.709,0.044,1.081,0.042,NaN,NaN,NaN,NaN
2016,4,1.152,0.170,1.735,0.041,1.083,0.042,NaN,NaN,NaN,NaN
2016,5,0.145,0.177,1.886,0.037,1.069,0.042,NaN,NaN,NaN,NaN
2016,6,1.895,0.212,1.626,0.039,1.110,0.042,NaN,NaN,NaN,NaN
2016,7,1.021,0.199,1.688,0.039,1.128,0.041,NaN,NaN,NaN,NaN
2016,8,0.918,0.134,1.770,0.042,1.126,0.040,NaN,NaN,NaN,NaN
2016,9,1.336,0.105,1.708,0.043,1.124,0.040,NaN,NaN,NaN,NaN
2016,10,1.941,0.187,1.739,0.047,1.135,0.040,NaN,NaN,NaN,NaN
2016,11,3.330,0.241,1.750,0.049,1.119,0.042,NaN,NaN,NaN,NaN
2016,12,-0.155,0.214,1.685,0.048,1.111,0.042,NaN,NaN,NaN,NaN
2017,1,2.142,0.244,1.704,0.052,1.123,0.043,NaN,NaN,NaN,NaN
2017,2,3.932,0.141,1.633,0.060,1.136,0.043,NaN,NaN,NaN,NaN
2017,3,2.833,0.096,1.592,0.054,1.157,0.043,NaN,NaN,NaN,NaN
2017,4,1.525,0.150,1.498,0.063,1.113,0.042,NaN,NaN,NaN,NaN
2017,5,0.283,0.139,1.367,0.059,1.130,0.041,NaN,NaN,NaN,NaN
2017,6,1.111,0.181,1.424,0.054,1.127,0.039,NaN,NaN,NaN,NaN
2017,7,1.255,0.141,1.360,0.051,1.150,0.038,NaN,NaN,NaN,NaN
2017,8,0.061,0.116,1.100,0.056,1.180,0.036,NaN,NaN,NaN,NaN
2017,9,0.849,0.181,0.943,0.058,1.186,0.036,NaN,NaN,NaN,NaN
2017,10,0.811,0.223,0.725,0.062,1.164,0.034,NaN,NaN,NaN,NaN
2017,11,1.762,0.123,0.951,0.066,1.165,0.035,NaN,NaN,NaN,NaN
2017,12,0.527,0.131,1.007,0.068,1.156,0.036,NaN,NaN,NaN,NaN
2018,1,1.369,0.134,0.996,0.063,1.171,0.037,NaN,NaN,NaN,NaN
2018,2,0.815,0.087,1.068,0.077,1.187,0.038,NaN,NaN,NaN,NaN
2018,3,0.953,0.182,1.125,0.078,1.163,0.040,NaN,NaN,NaN,NaN
2018,4,-1.099,0.151,1.032,0.074,1.136,0.039,NaN,NaN,NaN,NaN
2018,5,3.000,0.291,0.801,0.071,1.151,0.039,NaN,NaN,NaN,NaN
2018,6,1.779,0.251,0.861,0.072,1.124,0.037,NaN,NaN,NaN,NaN
2018,7,1.124,0.102,0.873,0.068,NaN,NaN,NaN,NaN,NaN,NaN
2018,8,0.924,0.296,0.704,0.070,NaN,NaN,NaN,NaN,NaN,NaN
2018,9,1.532,0.189,0.595,0.072,NaN,NaN,NaN,NaN,NaN,NaN
2018,10,-0.299,0.166,0.770,0.073,NaN,NaN,NaN,NaN,NaN,NaN
2018,11,-1.009,0.178,0.494,0.068,NaN,NaN,NaN,NaN,NaN,NaN
2018,12,1.243,0.130,0.363,0.067,NaN,NaN,NaN,NaN,NaN,NaN
2019,1,1.517,0.090,0.325,0.069,NaN,NaN,NaN,NaN,NaN,NaN
2019,2,-1.218,0.049,0.333,0.054,NaN,NaN,NaN,NaN,NaN,NaN
2019,3,-0.357,0.192,0.377,0.052,NaN,NaN,NaN,NaN,NaN,NaN
2019,4,1.004,0.165,0.303,0.059,NaN,NaN,NaN,NaN,NaN,NaN
2019,5,-0.317,0.211,0.351,0.067,NaN,NaN,NaN,NaN,NaN,NaN
2019,6,0.207,0.215,0.393,0.073,NaN,NaN,NaN,NaN,NaN,NaN
2019,7,0.667,0.129,0.532,0.075,NaN,NaN,NaN,NaN,NaN,NaN
2019,8,1.022,0.142,0.730,0.070,NaN,NaN,NaN,NaN,NaN,NaN
2019,9,2.067,0.145,0.993,0.066,NaN,NaN,NaN,NaN,NaN,NaN
2019,10,-1.194,0.192,0.900,0.063,NaN,NaN,NaN,NaN,NaN,NaN
2019,11,-0.426,0.190,0.965,0.059,NaN,NaN,NaN,NaN,NaN,NaN
2019,12,1.745,0.207,1.038,0.057,NaN,NaN,NaN,NaN,NaN,NaN
2020,1,3.189,0.098,1.085,0.063,NaN,NaN,NaN,NaN,NaN,NaN
2020,2,1.153,0.068,1.129,0.061,NaN,NaN,NaN,NaN,NaN,NaN
2020,3,2.803,0.133,1.012,0.060,NaN,NaN,NaN,NaN,NaN,NaN
2020,4,-0.111,0.133,1.112,0.056,NaN,NaN,NaN,NaN,NaN,NaN
2020,5,0.457,0.210,1.350,0.054,NaN,NaN,NaN,NaN,NaN,NaN
2020,6,1.088,0.226,1.318,0.048,NaN,NaN,NaN,NaN,NaN,NaN
2020,7,1.232,0.221,NaN,NaN,NaN,NaN,NaN,NaN,NaN,NaN
2020,8,1.552,0.118,NaN,NaN,NaN,NaN,NaN,NaN,NaN,NaN
2020,9,0.652,0.180,NaN,NaN,NaN,NaN,NaN,NaN,NaN,NaN
2020,10,0.008,0.184,NaN,NaN,NaN,NaN,NaN,NaN,NaN,NaN
2020,11,2.437,0.157,NaN,NaN,NaN,NaN,NaN,NaN,NaN,NaN
2020,12,1.359,0.256,NaN,NaN,NaN,NaN,NaN,NaN,NaN,NaN