1965,1,-0.619,0.374,-0.638,0.087,-0.023,0.051,0.029,0.071,-0.070,0.071
1965,2,0.188,0.197,-0.706,0.083,-0.013,0.052,0.020,0.070,-0.082,0.072
1965,3,0.029,0.277,-0.693,0.076,0.011,0.052,0.042,0.070,-0.087,0.072
1965,4,-1.671,0.323,-0.437,0.102,0.014,0.053,0.064,0.072,-0.087,0.073
1965,5,0.666,0.340,-0.288,0.106,0.050,0.055,0.075,0.071,-0.082,0.073
1965,6,-0.046,0.341,0.045,0.102,0.025,0.060,0.075,0.071,-0.077,0.075
1965,7,-0.075,0.418,0.439,0.074,-0.019,0.065,0.074,0.071,-0.074,0.075
1965,8,-0.229,0.246,0.611,0.079,-0.105,0.067,0.081,0.071,-0.076,0.074
1965,9,-0.336,0.254,0.614,0.099,-0.103,0.066,0.076,0.071,-0.077,0.073
1965,10,0.791,0.367,0.733,0.105,-0.132,0.066,0.076,0.071,-0.078,0.074
1965,11,1.390,0.366,0.694,0.111,-0.116,0.066,0.089,0.072,-0.088,0.074
1965,12,0.456,0.249,0.776,0.122,-0.132,0.063,0.088,0.072,-0.097,0.075
1966,1,4.104,0.433,0.766,0.115,-0.147,0.065,0.081,0.075,-0.089,0.073
1966,2,2.249,0.275,0.827,0.130,-0.154,0.065,0.085,0.076,-0.102,0.074
1966,3,0.069,0.355,0.869,0.131,-0.157,0.068,0.096,0.077,-0.112,0.074
1966,4,-0.241,0.431,0.794,0.140,-0.171,0.070,0.106,0.076,-0.114,0.075
1966,5,0.191,0.359,0.652,0.135,-0.155,0.071,0.109,0.077,-0.113,0.075
1966,6,0.938,0.297,0.683,0.140,-0.112,0.071,0.109,0.076,-0.111,0.075
1966,7,-0.191,0.235,0.358,0.151,-0.046,0.061,0.103,0.074,-0.109,0.076
1966,8,0.499,0.371,0.077,0.153,-0.082,0.059,0.104,0.072,-0.105,0.078
1966,9,0.178,0.307,-0.015,0.143,-0.074,0.064,0.093,0.073,-0.100,0.078
1966,10,-0.117,0.156,-0.138,0.118,-0.072,0.064,0.093,0.070,-0.095,0.077
1966,11,-0.306,0.367,-0.182,0.128,-0.081,0.065,0.100,0.070,-0.101,0.077
1966,12,0.828,0.342,-0.375,0.133,-0.088,0.065,0.091,0.070,-0.095,0.077
1967,1,0.201,0.276,-0.343,0.121,-0.104,0.072,0.063,0.070,-0.100,0.076
1967,2,-1.127,0.222,-0.381,0.131,-0.124,0.072,-0.003,0.070,-0.091,0.075
1967,3,-1.031,0.277,-0.382,0.120,-0.131,0.073,-0.038,0.069,-0.077,0.073
1967,4,-1.723,0.242,-0.374,0.123,-0.076,0.073,-0.035,0.070,-0.066,0.073
1967,5,-0.335,0.317,-0.261,0.114,-0.093,0.074,-0.056,0.069,-0.057,0.072
1967,6,-1.371,0.185,-0.383,0.122,-0.000,0.073,-0.053,0.068,-0.044,0.071
1967,7,0.191,0.286,-0.347,0.123,0.015,0.074,-0.057,0.067,-0.036,0.071
1967,8,0.044,0.368,-0.411,0.135,0.043,0.076,-0.065,0.068,-0.031,0.070
1967,9,0.162,0.206,-0.316,0.123,0.045,0.080,-0.055,0.067,-0.028,0.070
1967,10,-0.019,0.153,-0.253,0.114,0.103,0.084,-0.045,0.068,-0.028,0.069
1967,11,1.045,0.268,-0.296,0.108,0.113,0.088,-0.029,0.066,-0.023,0.069
1967,12,-0.637,0.317,-0.242,0.089,0.124,0.092,-0.061,0.067,-0.020,0.068
1968,1,0.635,0.298,-0.311,0.105,0.123,0.090,-0.115,0.069,-0.025,0.069
1968,2,-1.895,0.269,-0.325,0.109,0.148,0.088,-0.128,0.070,-0.023,0.068
1968,3,0.114,0.212,-0.335,0.115,0.148,0.087,-0.125,0.070,-0.032,0.068
1968,4,-0.968,0.232,-0.292,0.121,0.138,0.089,-0.125,0.071,-0.034,0.068
1968,5,-0.848,0.261,-0.280,0.131,0.146,0.089,-0.106,0.071,-0.034,0.067
1968,6,-0.727,0.389,-0.128,0.137,0.132,0.092,-0.102,0.072,-0.035,0.067
1968,7,-0.634,0.202,-0.292,0.135,0.058,0.098,-0.104,0.071,-0.034,0.066
1968,8,-0.130,0.258,-0.319,0.150,0.019,0.101,-0.102,0.072,-0.035,0.066
1968,9,0.049,0.210,-0.157,0.166,0.037,0.103,-0.105,0.072,-0.032,0.066
1968,10,0.495,0.195,-0.125,0.160,0.037,0.102,-0.110,0.073,-0.028,0.066
1968,11,1.190,0.327,-0.059,0.170,0.062,0.104,-0.116,0.072,-0.025,0.065
1968,12,1.181,0.263,-0.006,0.169,0.050,0.104,-0.112,0.073,-0.019,0.065
1969,1,-1.326,0.372,0.008,0.171,0.053,0.105,-0.087,0.069,-0.016,0.065
1969,2,-2.228,0.441,-0.037,0.163,0.048,0.104,-0.119,0.070,0.002,0.064
1969,3,2.063,0.407,-0.115,0.150,0.033,0.107,-0.129,0.071,0.001,0.065
1969,4,-0.580,0.161,-0.069,0.159,0.022,0.107,-0.128,0.071,0.000,0.064
1969,5,-0.058,0.326,-0.287,0.149,0.040,0.104,-0.128,0.071,-0.004,0.065
1969,6,-0.098,0.335,-0.219,0.158,0.037,0.103,-0.127,0.071,-0.002,0.065
1969,7,-0.464,0.404,-0.085,0.157,-0.013,0.104,-0.136,0.074,0.004,0.065
1969,8,-0.675,0.202,0.260,0.146,-0.085,0.105,-0.145,0.075,-0.003,0.066
1969,9,-0.880,0.248,0.100,0.135,-0.103,0.103,-0.143,0.074,-0.004,0.066
1969,10,1.041,0.258,0.298,0.148,-0.074,0.104,-0.136,0.074,0.001,0.066
1969,11,-1.421,0.301,0.406,0.142,-0.103,0.106,-0.125,0.074,0.009,0.066
1969,12,1.996,0.247,0.467,0.160,-0.083,0.103,-0.107,0.073,0.018,0.066
1970,1,0.289,0.365,0.493,0.151,-0.091,0.107,-0.106,0.073,0.005,0.063
1970,2,1.902,0.304,0.654,0.150,-0.117,0.110,-0.115,0.072,-0.011,0.062
1970,3,0.143,0.223,0.702,0.155,-0.121,0.111,-0.120,0.074,-0.001,0.061
1970,4,1.803,0.460,0.630,0.156,-0.104,0.112,-0.107,0.076,0.013,0.061
1970,5,1.237,0.307,0.906,0.159,-0.108,0.110,-0.109,0.079,0.017,0.060
1970,6,0.637,0.601,0.709,0.170,-0.146,0.111,-0.105,0.082,0.018,0.060
1970,7,-0.150,0.235,0.658,0.179,-0.211,0.111,-0.096,0.083,0.022,0.060
1970,8,1.255,0.416,0.491,0.181,-0.150,0.110,-0.092,0.081,0.023,0.060
1970,9,-0.311,0.204,0.573,0.184,-0.147,0.112,-0.087,0.081,0.022,0.059
1970,10,0.182,0.259,0.404,0.178,-0.118,0.111,-0.103,0.083,0.022,0.059
1970,11,1.886,0.273,0.440,0.177,-0.096,0.108,-0.123,0.083,0.028,0.058
1970,12,-0.369,0.378,0.406,0.184,-0.072,0.111,-0.135,0.082,0.035,0.057
1971,1,-0.322,0.457,0.417,0.192,-0.060,0.106,-0.157,0.081,0.041,0.058
1971,2,-0.104,0.397,0.331,0.184,-0.050,0.106,-0.194,0.083,0.048,0.058
1971,3,1.135,0.292,0.296,0.196,-0.052,0.101,-0.220,0.083,0.055,0.058
1971,4,-0.232,0.294,0.215,0.190,-0.048,0.100,-0.225,0.081,0.065,0.058
1971,5,1.676,0.274,0.123,0.194,-0.078,0.097,-0.228,0.084,0.059,0.058
1971,6,0.231,0.134,0.207,0.178,-0.112,0.098,-0.237,0.083,0.056,0.057
1971,7,-0.019,0.253,0.001,0.153,-0.128,0.101,-0.233,0.083,0.054,0.056
1971,8,0.217,0.258,-0.446,0.138,-0.155,0.101,-0.235,0.084,0.055,0.055
1971,9,-0.734,0.370,-0.713,0.122,-0.185,0.101,-0.230,0.084,0.053,0.056
1971,10,-0.789,0.243,-0.694,0.123,-0.183,0.100,-0.228,0.084,0.053,0.056
1971,11,0.786,0.319,-1.008,0.144,-0.174,0.102,-0.234,0.084,0.058,0.056
1971,12,0.636,0.197,-1.039,0.156,-0.166,0.102,-0.237,0.084,0.060,0.055
1972,1,-2.793,0.217,-1.065,0.175,-0.168,0.107,-0.268,0.085,0.060,0.055
1972,2,-5.469,0.314,-1.209,0.192,-0.166,0.106,-0.251,0.085,0.040,0.054
1972,3,-2.069,0.329,-1.155,0.178,-0.155,0.101,-0.216,0.084,0.024,0.054
1972,4,0.002,0.261,-1.005,0.175,-0.197,0.104,-0.196,0.082,0.032,0.053
1972,5,-2.099,0.454,-1.001,0.167,-0.158,0.100,-0.187,0.082,0.034,0.053
1972,6,-0.135,0.316,-1.298,0.177,-0.214,0.102,-0.162,0.080,0.038,0.052
1972,7,-0.328,0.436,-1.335,0.191,-0.228,0.101,-0.157,0.080,0.035,0.052
1972,8,-1.512,0.339,-0.735,0.182,-0.273,0.098,-0.153,0.081,0.038,0.052
1972,9,-0.093,0.424,-0.540,0.178,-0.286,0.099,-0.152,0.081,0.043,0.051
1972,10,1.010,0.284,-0.472,0.179,-0.316,0.102,-0.154,0.081,0.043,0.049
1972,11,0.842,0.259,-0.258,0.153,-0.331,0.104,-0.158,0.082,0.040,0.048
1972,12,-2.937,0.342,-0.190,0.157,-0.334,0.113,-0.143,0.082,0.027,0.047
1973,1,-3.231,0.327,-0.153,0.132,-0.315,0.116,-0.140,0.082,0.010,0.045
1973,2,1.729,0.290,0.009,0.132,-0.333,0.118,-0.116,0.083,-0.007,0.044
1973,3,0.274,0.287,0.014,0.104,-0.322,0.120,-0.115,0.083,-0.016,0.044
1973,4,0.818,0.273,-0.012,0.113,-0.343,0.119,-0.096,0.082,-0.024,0.045
1973,5,0.470,0.234,-0.131,0.112,-0.391,0.119,-0.086,0.081,-0.011,0.044
1973,6,0.676,0.278,0.043,0.110,-0.402,0.116,-0.080,0.080,-0.008,0.044
1973,7,0.122,0.264,0.121,0.108,-0.373,0.112,-0.075,0.081,-0.004,0.045
1973,8,0.435,0.389,-0.346,0.100,-0.407,0.111,-0.075,0.081,0.000,0.045
1973,9,-0.044,0.296,-0.346,0.100,-0.476,0.112,-0.069,0.080,0.003,0.045
1973,10,0.700,0.322,-0.453,0.116,-0.487,0.110,-0.068,0.079,-0.004,0.046
1973,11,-0.589,0.176,-0.453,0.119,-0.518,0.114,-0.092,0.079,0.002,0.046
1973,12,-0.843,0.255,-0.477,0.113,-0.523,0.113,-0.082,0.079,0.009,0.045
1974,1,-2.296,0.266,-0.531,0.117,-0.519,0.109,-0.064,0.079,0.034,0.043
1974,2,-3.875,0.283,-0.616,0.117,-0.517,0.111,-0.031,0.077,0.026,0.043
1974,3,0.271,0.229,-0.632,0.133,-0.493,0.107,-0.056,0.078,0.024,0.043
1974,4,-0.462,0.319,-0.810,0.137,-0.477,0.107,-0.036,0.077,0.033,0.043
1974,5,0.473,0.244,-0.685,0.130,-0.509,0.107,-0.044,0.080,0.026,0.043
1974,6,0.386,0.249,-0.729,0.141,-0.512,0.105,-0.041,0.080,0.025,0.042
1974,7,-0.534,0.299,-0.582,0.147,-0.522,0.108,-0.031,0.084,0.024,0.043
1974,8,-0.584,0.345,-0.330,0.137,-0.417,0.104,-0.029,0.084,0.026,0.045
1974,9,-0.234,0.317,-0.405,0.116,-0.329,0.101,-0.016,0.084,0.028,0.046
1974,10,-1.433,0.338,-0.367,0.098,-0.317,0.097,-0.011,0.085,0.031,0.045
1974,11,0.916,0.178,-0.378,0.097,-0.271,0.090,0.005,0.085,0.037,0.046
1974,12,-1.373,0.292,-0.371,0.119,-0.242,0.087,-0.011,0.084,0.042,0.045
1975,1,-0.536,0.141,-0.244,0.120,-0.222,0.081,-0.018,0.081,0.050,0.045
1975,2,-0.854,0.214,-0.178,0.119,-0.189,0.080,-0.042,0.078,0.053,0.045
1975,3,-0.621,0.290,-0.133,0.142,-0.183,0.080,-0.043,0.077,0.047,0.045
1975,4,-0.003,0.281,-0.102,0.137,-0.204,0.079,-0.039,0.079,0.057,0.046
1975,5,0.330,0.237,-0.263,0.139,-0.209,0.080,-0.041,0.079,0.056,0.047
1975,6,0.478,0.460,-0.234,0.136,-0.140,0.081,-0.038,0.082,0.060,0.048
1975,7,0.983,0.365,-0.070,0.133,-0.070,0.082,-0.030,0.083,0.062,0.050
1975,8,0.215,0.514,-0.175,0.144,-0.083,0.084,-0.035,0.085,0.060,0.050
1975,9,0.303,0.327,-0.377,0.150,-0.082,0.084,-0.032,0.085,0.062,0.050
1975,10,-1.059,0.244,-0.450,0.144,-0.074,0.084,-0.031,0.083,0.057,0.050
1975,11,-1.017,0.191,-0.494,0.154,-0.076,0.084,-0.033,0.082,0.057,0.050
1975,12,-1.031,0.218,-0.540,0.131,-0.088,0.081,-0.018,0.081,0.057,0.050
1976,1,1.440,0.198,-0.601,0.105,-0.090,0.085,0.001,0.080,0.043,0.049
1976,2,-2.118,0.259,-0.594,0.128,-0.099,0.084,0.012,0.079,0.034,0.048
1976,3,-3.048,0.211,-0.561,0.126,-0.087,0.085,0.014,0.079,0.024,0.047
1976,4,-0.879,0.164,-0.458,0.119,-0.087,0.085,0.023,0.079,0.027,0.046
1976,5,-0.202,0.372,-0.463,0.128,-0.105,0.087,0.008,0.079,0.028,0.047
1976,6,-0.073,0.233,-0.341,0.136,-0.052,0.087,0.002,0.079,0.023,0.047
1976,7,0.258,0.583,-0.745,0.149,0.001,0.087,0.005,0.078,0.025,0.048
1976,8,0.300,0.524,-0.498,0.147,0.093,0.087,0.006,0.079,0.021,0.047
1976,9,0.701,0.286,0.023,0.146,0.074,0.089,0.012,0.078,0.020,0.049
1976,10,0.177,0.284,0.155,0.138,0.111,0.088,0.014,0.077,0.027,0.049
1976,11,-1.087,0.267,0.230,0.140,0.086,0.093,0.015,0.076,0.027,0.049
1976,12,0.440,0.218,0.367,0.137,0.083,0.092,0.029,0.075,0.018,0.048
1977,1,-3.416,0.235,0.420,0.111,0.106,0.095,0.057,0.076,0.026,0.048
1977,2,0.852,0.412,0.433,0.101,0.108,0.095,0.082,0.075,0.039,0.047
1977,3,3.210,0.343,0.398,0.112,0.123,0.099,0.086,0.075,0.043,0.047
1977,4,0.694,0.313,0.362,0.129,0.175,0.098,0.099,0.074,0.051,0.046
1977,5,0.700,0.297,0.496,0.128,0.168,0.099,0.124,0.072,0.058,0.048
1977,6,1.571,0.360,0.562,0.120,0.192,0.099,0.128,0.072,0.065,0.049
1977,7,0.896,0.265,0.928,0.121,0.192,0.098,0.127,0.072,0.064,0.049
1977,8,0.451,0.256,0.936,0.126,0.189,0.101,0.141,0.071,0.066,0.050
1977,9,0.291,0.277,0.694,0.112,0.200,0.101,0.141,0.070,0.069,0.050
1977,10,-0.263,0.177,0.746,0.116,0.238,0.101,0.132,0.068,0.061,0.050
1977,11,0.531,0.255,0.717,0.131,0.249,0.102,0.110,0.068,0.061,0.050
1977,12,1.228,0.260,0.581,0.123,0.257,0.101,0.115,0.067,0.068,0.049
1978,1,0.978,0.309,0.508,0.156,0.255,0.101,0.134,0.066,0.067,0.049
1978,2,0.946,0.293,0.461,0.172,0.262,0.103,0.113,0.065,0.074,0.048
1978,3,0.300,0.290,0.493,0.178,0.258,0.105,0.092,0.064,0.075,0.048
1978,4,1.319,0.191,0.574,0.181,0.280,0.105,0.078,0.061,0.082,0.047
1978,5,0.355,0.253,0.388,0.179,0.326,0.104,0.084,0.058,0.089,0.046
1978,6,-0.061,0.209,0.480,0.171,0.367,0.106,0.087,0.056,0.095,0.047
1978,7,0.019,0.459,0.474,0.157,0.374,0.109,0.096,0.055,0.101,0.047
1978,8,-0.109,0.305,0.530,0.144,0.431,0.109,0.103,0.054,0.103,0.046
1978,9,0.674,0.306,0.436,0.145,0.505,0.111,0.111,0.052,0.105,0.046
1978,10,0.702,0.228,0.472,0.139,0.533,0.112,0.101,0.051,0.106,0.046
1978,11,-1.697,0.333,0.356,0.155,0.535,0.114,0.121,0.050,0.106,0.046
1978,12,2.337,0.245,0.381,0.159,0.527,0.110,0.130,0.050,0.108,0.045
1979,1,0.896,0.231,0.448,0.150,0.528,0.104,0.155,0.050,0.104,0.045
1979,2,1.629,0.211,0.419,0.146,0.530,0.100,0.171,0.052,0.100,0.044
1979,3,-0.837,0.359,0.419,0.156,0.517,0.100,0.178,0.052,0.091,0.045
1979,4,1.755,0.195,0.501,0.155,0.505,0.100,0.193,0.050,0.095,0.045
1979,5,-1.040,0.577,0.681,0.156,0.539,0.098,0.179,0.050,0.096,0.044
1979,6,0.241,0.279,0.494,0.160,0.570,0.098,0.176,0.047,0.100,0.045
1979,7,0.829,0.257,0.371,0.144,0.636,0.098,0.184,0.048,0.106,0.046
1979,8,-0.461,0.383,0.151,0.138,0.582,0.098,0.198,0.048,0.111,0.046
1979,9,0.673,0.336,0.224,0.120,0.500,0.094,0.200,0.049,0.115,0.046
1979,10,1.690,0.236,0.267,0.128,0.516,0.094,0.199,0.051,0.116,0.047
1979,11,0.460,0.331,0.439,0.129,0.519,0.096,0.200,0.050,0.128,0.046
1979,12,0.093,0.147,0.498,0.139,0.499,0.095,0.191,0.050,0.124,0.045
1980,1,-0.578,0.470,0.500,0.145,0.476,0.100,0.206,0.052,0.121,0.045
1980,2,-1.017,0.353,0.593,0.179,0.470,0.100,0.220,0.053,0.111,0.044
1980,3,0.050,0.505,0.541,0.190,0.465,0.098,0.214,0.053,0.110,0.044
1980,4,2.268,0.452,0.423,0.197,0.467,0.095,0.221,0.053,0.103,0.045
1980,5,1.021,0.332,0.527,0.206,0.429,0.093,0.222,0.053,0.104,0.045
1980,6,0.945,0.338,0.639,0.220,0.370,0.088,0.225,0.054,0.106,0.047
1980,7,0.857,0.209,0.844,0.207,0.337,0.083,0.220,0.054,0.109,0.047
1980,8,0.652,0.577,1.034,0.193,0.309,0.079,0.213,0.055,0.108,0.047
1980,9,0.054,0.144,1.148,0.177,0.267,0.075,0.212,0.055,0.115,0.047
1980,10,0.276,0.140,1.026,0.165,0.230,0.071,0.217,0.056,0.116,0.046
1980,11,1.707,0.252,0.932,0.146,0.244,0.067,0.236,0.056,0.116,0.046
1980,12,1.429,0.228,0.811,0.129,0.261,0.065,0.249,0.058,0.120,0.045
1981,1,1.886,0.369,0.764,0.115,0.281,0.061,0.244,0.058,0.124,0.044
1981,2,1.259,0.270,0.744,0.081,0.305,0.061,0.261,0.059,0.121,0.043
1981,3,1.420,0.300,0.735,0.078,0.310,0.058,0.268,0.059,0.114,0.043
1981,4,0.811,0.305,0.667,0.092,0.289,0.057,0.279,0.058,0.119,0.043
1981,5,-0.107,0.203,0.603,0.087,0.347,0.059,0.284,0.059,0.110,0.043
1981,6,-0.516,0.342,0.677,0.079,0.312,0.058,0.283,0.057,0.110,0.043
1981,7,0.296,0.176,0.563,0.078,0.309,0.059,0.282,0.058,0.112,0.043
1981,8,0.418,0.310,0.258,0.070,0.250,0.058,0.277,0.058,0.114,0.043
1981,9,-0.063,0.233,-0.001,0.071,0.282,0.059,0.270,0.059,0.118,0.043
1981,10,-0.543,0.215,0.067,0.072,0.275,0.057,0.281,0.059,0.122,0.042
1981,11,0.947,0.198,0.152,0.082,0.273,0.058,0.288,0.058,0.122,0.041
1981,12,2.316,0.223,0.224,0.078,0.269,0.058,0.274,0.058,0.122,0.040
1982,1,0.519,0.296,0.159,0.087,0.262,0.059,0.320,0.058,0.125,0.040
1982,2,-2.407,0.302,0.134,0.074,0.287,0.065,0.328,0.059,0.142,0.040
1982,3,-1.685,0.162,0.137,0.068,0.276,0.069,0.302,0.058,0.137,0.040
1982,4,1.629,0.282,0.172,0.069,0.223,0.072,0.297,0.057,0.132,0.040
1982,5,0.912,0.252,-0.054,0.077,0.232,0.076,0.303,0.059,0.132,0.039
1982,6,0.350,0.303,-0.440,0.089,0.189,0.074,0.293,0.062,0.132,0.038
1982,7,-0.484,0.337,-0.565,0.097,0.221,0.072,0.284,0.064,0.134,0.038
1982,8,0.113,0.304,-0.429,0.102,0.252,0.072,0.286,0.067,0.137,0.038
1982,9,-0.022,0.200,-0.472,0.105,0.228,0.067,0.290,0.066,0.133,0.039
1982,10,-0.124,0.327,-0.685,0.119,0.204,0.064,0.277,0.066,0.127,0.039
1982,11,-1.770,0.499,-0.660,0.136,0.194,0.061,0.280,0.065,0.128,0.038
1982,12,-2.314,0.471,-0.607,0.153,0.192,0.063,0.280,0.063,0.143,0.039
1983,1,-0.980,0.341,-0.467,0.171,0.185,0.066,0.274,0.062,0.153,0.039
1983,2,-0.770,0.340,-0.363,0.183,0.163,0.067,0.263,0.061,0.146,0.039
1983,3,-2.203,0.270,-0.283,0.197,0.165,0.068,0.265,0.059,0.140,0.039
1983,4,-0.924,0.387,-0.316,0.186,0.153,0.069,0.259,0.058,0.138,0.038
1983,5,1.210,0.258,-0.020,0.187,0.147,0.069,0.264,0.057,0.135,0.038
1983,6,0.985,0.265,0.190,0.195,0.130,0.071,0.271,0.057,0.132,0.038
1983,7,1.195,0.452,0.334,0.186,0.113,0.071,0.277,0.057,0.131,0.037
1983,8,1.367,0.478,0.235,0.166,0.092,0.071,0.280,0.057,0.130,0.037
1983,9,0.937,0.312,0.513,0.166,0.031,0.071,0.279,0.056,0.134,0.037
1983,10,-0.520,0.305,0.699,0.162,0.024,0.074,0.280,0.058,0.127,0.037
1983,11,1.783,0.269,0.501,0.152,0.032,0.074,0.303,0.058,0.129,0.037
1983,12,0.205,0.307,0.422,0.132,0.039,0.075,0.298,0.057,0.138,0.037
1984,1,0.747,0.227,0.354,0.106,0.036,0.076,0.272,0.055,0.155,0.038
1984,2,-1.963,0.257,0.328,0.087,0.023,0.077,0.231,0.053,0.170,0.039
1984,3,1.135,0.200,0.250,0.083,0.023,0.081,0.237,0.053,0.173,0.039
1984,4,1.311,0.347,0.167,0.088,0.057,0.082,0.227,0.055,0.179,0.039
1984,5,-1.170,0.213,0.102,0.097,0.036,0.085,0.235,0.053,0.180,0.039
1984,6,0.032,0.336,-0.119,0.090,-0.023,0.087,0.242,0.054,0.180,0.038
1984,7,0.384,0.312,-0.069,0.104,0.005,0.088,0.243,0.054,0.185,0.039
1984,8,1.051,0.438,0.163,0.098,0.075,0.088,0.251,0.055,0.194,0.038
1984,9,-0.001,0.311,-0.046,0.093,0.103,0.092,0.247,0.056,0.190,0.038
1984,10,-1.512,0.325,-0.088,0.107,0.078,0.091,0.243,0.057,0.195,0.038
1984,11,1.008,0.338,0.047,0.114,0.086,0.093,0.251,0.056,0.201,0.038
1984,12,-2.455,0.257,0.112,0.156,0.087,0.094,0.260,0.056,0.203,0.038
1985,1,1.346,0.380,0.116,0.165,0.092,0.093,0.260,0.055,0.215,0.039
1985,2,0.832,0.179,-0.028,0.186,0.101,0.096,0.265,0.054,0.223,0.040
1985,3,-1.382,0.163,-0.013,0.174,0.115,0.095,0.262,0.053,0.225,0.040
1985,4,0.805,0.252,0.076,0.164,0.087,0.095,0.246,0.053,0.226,0.041
1985,5,0.455,0.193,0.104,0.159,0.132,0.092,0.249,0.051,0.224,0.041
1985,6,0.809,0.377,0.343,0.158,0.189,0.089,0.250,0.052,0.222,0.041
1985,7,0.442,0.324,0.304,0.158,0.210,0.087,0.248,0.052,0.223,0.041
1985,8,-0.681,0.452,0.232,0.160,0.218,0.085,0.251,0.052,0.229,0.040
1985,9,0.178,0.244,0.163,0.162,0.262,0.079,0.262,0.053,0.229,0.040
1985,10,-0.441,0.308,0.129,0.153,0.289,0.074,0.263,0.054,0.233,0.040
1985,11,1.339,0.279,0.121,0.147,0.285,0.070,0.265,0.051,0.243,0.040
1985,12,0.419,0.252,0.043,0.129,0.280,0.069,0.258,0.050,0.244,0.041
1986,1,0.872,0.255,0.019,0.146,0.272,0.071,0.248,0.049,0.235,0.040
1986,2,-0.034,0.241,0.045,0.128,0.254,0.072,0.229,0.049,0.248,0.040
1986,3,-2.207,0.255,0.026,0.142,0.249,0.075,0.213,0.050,0.256,0.040
1986,4,0.398,0.228,0.186,0.141,0.270,0.079,0.216,0.052,0.259,0.040
1986,5,0.362,0.226,0.049,0.144,0.259,0.078,0.212,0.053,0.264,0.040
1986,6,-0.134,0.328,-0.089,0.139,0.285,0.075,0.218,0.053,0.266,0.039
1986,7,0.155,0.290,0.020,0.123,0.234,0.069,0.220,0.054,0.266,0.040
1986,8,-0.364,0.280,0.172,0.113,0.213,0.065,0.221,0.053,0.268,0.040
1986,9,-0.052,0.446,0.357,0.105,0.192,0.070,0.224,0.053,0.272,0.039
1986,10,1.477,0.238,0.333,0.089,0.179,0.077,0.230,0.053,0.271,0.039
1986,11,-0.299,0.247,0.421,0.090,0.198,0.076,0.229,0.052,0.274,0.038
1986,12,-1.237,0.146,0.467,0.102,0.214,0.077,0.214,0.052,0.280,0.039
1987,1,2.171,0.232,0.438,0.100,0.223,0.074,0.193,0.052,0.300,0.039
1987,2,1.795,0.206,0.522,0.106,0.214,0.075,0.202,0.053,0.295,0.040
1987,3,0.013,0.224,0.593,0.083,0.218,0.072,0.188,0.054,0.274,0.039
1987,4,0.104,0.284,0.321,0.089,0.263,0.072,0.164,0.053,0.269,0.039
1987,5,1.425,0.228,0.424,0.093,0.269,0.072,0.140,0.054,0.266,0.039
1987,6,0.418,0.310,0.621,0.095,0.330,0.072,0.136,0.054,0.263,0.038
1987,7,-0.198,0.352,0.463,0.098,0.299,0.070,0.140,0.053,0.266,0.038
1987,8,0.651,0.338,0.288,0.099,0.277,0.071,0.133,0.053,0.270,0.039
1987,9,0.795,0.356,0.324,0.082,0.297,0.073,0.125,0.053,0.271,0.038
1987,10,-1.782,0.278,0.373,0.077,0.287,0.072,0.122,0.052,0.280,0.038
1987,11,0.931,0.151,0.335,0.091,0.304,0.068,0.147,0.050,0.278,0.038
1987,12,1.129,0.253,0.357,0.101,0.307,0.067,0.171,0.050,0.275,0.037
1988,1,0.270,0.135,0.435,0.099,0.310,0.067,0.173,0.049,0.271,0.037
1988,2,-0.299,0.183,0.403,0.122,0.339,0.061,0.179,0.048,0.265,0.037
1988,3,0.437,0.442,0.388,0.097,0.358,0.063,0.188,0.049,0.265,0.037
1988,4,0.693,0.343,0.598,0.088,0.373,0.066,0.197,0.048,0.267,0.037
1988,5,0.972,0.318,0.616,0.086,0.383,0.065,0.186,0.048,0.269,0.037
1988,6,0.679,0.216,0.668,0.087,0.386,0.065,0.178,0.048,0.275,0.037
1988,7,0.738,0.229,0.454,0.090,0.383,0.063,0.167,0.049,0.280,0.037
1988,8,0.271,0.311,0.207,0.123,0.367,0.063,0.157,0.048,0.288,0.036
1988,9,0.620,0.208,0.165,0.139,0.394,0.064,0.156,0.049,0.291,0.035
1988,10,0.739,0.373,0.149,0.146,0.407,0.067,0.153,0.050,0.293,0.035
1988,11,1.140,0.151,0.065,0.153,0.392,0.066,0.137,0.049,0.311,0.035
1988,12,1.756,0.218,0.090,0.152,0.397,0.066,0.146,0.051,0.319,0.035
1989,1,-2.295,0.516,0.108,0.147,0.403,0.066,0.155,0.050,0.322,0.035
1989,2,-3.261,0.562,0.129,0.145,0.418,0.063,0.170,0.049,0.327,0.035
1989,3,-0.075,0.386,0.095,0.143,0.425,0.061,0.167,0.050,0.331,0.035
1989,4,0.505,0.308,0.131,0.147,0.403,0.065,0.166,0.050,0.329,0.034
1989,5,-0.036,0.510,0.153,0.156,0.421,0.065,0.180,0.050,0.339,0.034
1989,6,0.976,0.264,0.106,0.143,0.450,0.064,0.184,0.049,0.345,0.035
1989,7,0.960,0.216,0.253,0.123,0.381,0.064,0.187,0.048,0.344,0.035
1989,8,0.520,0.209,0.486,0.106,0.329,0.063,0.189,0.048,0.353,0.035
1989,9,0.212,0.259,0.475,0.099,0.273,0.063,0.180,0.047,0.354,0.035
1989,10,1.172,0.201,0.452,0.093,0.251,0.060,0.192,0.045,0.355,0.035
1989,11,1.403,0.298,0.579,0.081,0.194,0.062,0.202,0.044,0.356,0.036
1989,12,1.187,0.155,0.580,0.074,0.184,0.060,0.215,0.045,0.362,0.035
1990,1,-0.532,0.300,0.550,0.073,0.188,0.055,0.224,0.045,0.369,0.035
1990,2,-0.461,0.280,0.598,0.069,0.165,0.056,0.226,0.047,0.374,0.035
1990,3,-0.209,0.337,0.689,0.077,0.134,0.051,0.236,0.047,0.374,0.036
1990,4,0.232,0.193,0.626,0.088,0.157,0.052,0.230,0.048,0.380,0.036
1990,5,1.490,0.193,0.672,0.080,0.162,0.052,0.227,0.047,0.388,0.036
1990,6,0.980,0.255,0.625,0.091,0.153,0.053,0.220,0.047,0.386,0.037
1990,7,0.610,0.245,0.725,0.086,0.135,0.056,0.226,0.047,0.386,0.038
1990,8,1.087,0.391,0.679,0.092,0.140,0.057,0.244,0.044,0.388,0.039
1990,9,1.306,0.346,0.652,0.091,0.114,0.057,0.247,0.044,0.394,0.039
1990,10,0.414,0.208,0.730,0.094,0.106,0.054,0.250,0.043,0.394,0.039
1990,11,1.955,0.344,0.560,0.091,0.088,0.054,0.250,0.043,0.386,0.039
1990,12,0.631,0.243,0.492,0.101,0.076,0.055,0.240,0.043,0.384,0.039
1991,1,0.666,0.182,0.484,0.097,0.062,0.054,0.226,0.043,0.377,0.039
1991,2,-1.015,0.241,0.440,0.103,0.059,0.049,0.235,0.042,0.375,0.040
1991,3,-0.533,0.177,0.358,0.086,0.063,0.048,0.244,0.042,0.378,0.041
1991,4,1.168,0.220,0.337,0.084,0.037,0.051,0.240,0.041,0.386,0.041
1991,5,-0.550,0.180,0.239,0.106,0.015,0.052,0.244,0.040,0.396,0.041
1991,6,0.168,0.315,0.232,0.115,0.008,0.056,0.249,0.039,0.405,0.042
1991,7,0.506,0.229,0.010,0.106,0.076,0.059,0.250,0.039,0.409,0.042
1991,8,0.562,0.329,-0.017,0.103,0.127,0.062,0.258,0.037,0.412,0.042
1991,9,0.330,0.166,-0.251,0.108,0.142,0.060,0.273,0.036,0.419,0.043
1991,10,0.160,0.264,-0.449,0.116,0.153,0.057,0.260,0.037,0.427,0.043
1991,11,0.779,0.177,-0.568,0.115,0.163,0.055,0.261,0.037,0.428,0.043
1991,12,0.547,0.368,-0.597,0.105,0.155,0.054,0.286,0.038,0.431,0.043
1992,1,-1.998,0.179,-0.636,0.101,0.150,0.054,0.280,0.039,0.434,0.044
1992,2,-1.345,0.189,-0.745,0.095,0.165,0.055,0.261,0.040,0.450,0.045
1992,3,-3.341,0.136,-0.859,0.095,0.142,0.056,0.247,0.040,0.466,0.045
1992,4,-1.207,0.263,-0.908,0.099,0.121,0.055,0.242,0.040,0.461,0.045
1992,5,-1.978,0.199,-0.872,0.111,0.135,0.058,0.230,0.040,0.463,0.045
1992,6,-0.173,0.193,-0.865,0.098,0.101,0.061,0.233,0.040,0.467,0.045
1992,7,0.031,0.149,-0.768,0.094,0.149,0.064,0.247,0.039,0.472,0.046
1992,8,-0.741,0.233,-0.654,0.100,0.175,0.068,0.254,0.039,0.479,0.046
1992,9,-1.036,0.226,-0.471,0.091,0.176,0.070,0.253,0.039,0.487,0.045
1992,10,-0.431,0.235,-0.354,0.084,0.173,0.071,0.282,0.039,0.499,0.044
1992,11,1.209,0.356,-0.198,0.074,0.149,0.068,0.275,0.040,0.511,0.044
1992,12,0.632,0.292,-0.187,0.070,0.132,0.068,0.271,0.041,0.518,0.043
1993,1,-0.834,0.325,-0.196,0.077,0.142,0.066,0.267,0.041,0.529,0.042
1993,2,0.019,0.257,-0.126,0.069,0.149,0.065,0.267,0.042,0.539,0.042
1993,3,-1.145,0.304,0.029,0.066,0.135,0.062,0.266,0.042,0.549,0.041
1993,4,0.200,0.192,-0.002,0.060,0.128,0.062,0.275,0.041,0.557,0.040
1993,5,-0.109,0.142,-0.115,0.068,0.117,0.067,0.274,0.042,0.553,0.040
1993,6,-0.034,0.158,-0.059,0.090,0.094,0.068,0.279,0.043,0.552,0.040
1993,7,-0.080,0.181,0.159,0.093,0.069,0.067,0.283,0.043,0.554,0.040
1993,8,0.102,0.223,0.142,0.091,0.103,0.065,0.296,0.042,0.554,0.040
1993,9,0.821,0.233,0.305,0.086,0.094,0.066,0.302,0.043,0.554,0.040
1993,10,-0.801,0.296,0.384,0.085,0.073,0.063,0.306,0.043,0.566,0.039
1993,11,-0.148,0.306,0.440,0.086,0.095,0.061,0.319,0.043,0.559,0.039
1993,12,1.296,0.390,0.487,0.076,0.101,0.060,0.340,0.044,0.562,0.039
1994,1,1.789,0.306,0.550,0.085,0.097,0.059,0.372,0.045,0.569,0.040
1994,2,-0.185,0.183,0.656,0.086,0.098,0.057,0.424,0.047,0.589,0.040
1994,3,0.815,0.216,0.493,0.093,0.121,0.055,0.425,0.048,0.596,0.040
1994,4,1.138,0.126,0.552,0.094,0.118,0.054,0.431,0.047,0.592,0.040
1994,5,0.566,0.150,0.749,0.089,0.101,0.054,0.443,0.045,0.601,0.039
1994,6,0.532,0.225,0.572,0.081,0.122,0.054,0.449,0.046,0.606,0.039
1994,7,0.674,0.286,0.618,0.083,0.179,0.055,0.445,0.047,0.605,0.039
1994,8,1.372,0.216,0.723,0.097,0.194,0.055,0.455,0.048,0.607,0.040
1994,9,-1.130,0.150,0.643,0.091,0.220,0.056,0.462,0.049,0.611,0.040
1994,10,-0.094,0.204,0.556,0.100,0.233,0.054,0.466,0.051,0.621,0.041
1994,11,2.211,0.247,0.512,0.089,0.266,0.053,0.462,0.051,0.625,0.041
1994,12,-0.827,0.233,0.466,0.088,0.282,0.053,0.464,0.051,0.633,0.042
1995,1,2.348,0.229,0.508,0.085,0.307,0.053,0.479,0.053,0.627,0.042
1995,2,1.077,0.264,0.522,0.077,0.342,0.052,0.483,0.053,0.618,0.043
1995,3,-0.147,0.221,0.654,0.067,0.371,0.051,0.485,0.054,0.629,0.043
1995,4,0.095,0.190,0.659,0.071,0.407,0.052,0.515,0.054,0.632,0.043
1995,5,0.039,0.227,0.582,0.064,0.389,0.055,0.526,0.054,0.630,0.043
1995,6,-0.023,0.145,0.591,0.063,0.389,0.056,0.523,0.056,0.631,0.045
1995,7,1.180,0.174,0.327,0.062,0.400,0.056,0.524,0.055,0.636,0.045
1995,8,1.533,0.184,0.322,0.066,0.394,0.055,0.524,0.056,0.644,0.046
1995,9,0.461,0.139,0.244,0.069,0.418,0.055,0.527,0.055,0.650,0.046
1995,10,-0.044,0.183,0.228,0.069,0.444,0.056,0.526,0.055,0.658,0.046
1995,11,1.290,0.184,0.289,0.063,0.461,0.056,0.507,0.058,0.655,0.046
1995,12,-0.718,0.225,0.335,0.070,0.482,0.056,0.510,0.059,0.664,0.047
1996,1,-0.816,0.226,0.261,0.076,0.503,0.055,0.506,0.059,0.658,0.047
1996,2,1.014,0.225,0.185,0.087,0.532,0.056,0.521,0.058,0.670,0.048
1996,3,-1.088,0.192,0.285,0.087,0.542,0.057,0.543,0.058,0.688,0.048
1996,4,-0.089,0.260,0.288,0.093,0.574,0.055,0.555,0.057,0.693,0.048
1996,5,0.765,0.209,0.162,0.097,0.623,0.056,0.581,0.057,0.703,0.047
1996,6,0.528,0.185,0.371,0.093,0.671,0.055,0.593,0.057,0.712,0.047
1996,7,0.298,0.206,0.561,0.081,0.668,0.058,0.598,0.059,0.717,0.048
1996,8,0.623,0.176,0.435,0.068,0.720,0.062,0.604,0.060,0.725,0.048
1996,9,1.658,0.133,0.380,0.069,0.707,0.063,0.614,0.061,0.729,0.048
1996,10,-0.007,0.152,0.349,0.068,0.709,0.063,0.625,0.061,0.735,0.049
1996,11,-0.226,0.206,0.285,0.075,0.724,0.061,0.628,0.061,0.740,0.050
1996,12,1.787,0.256,0.309,0.081,0.744,0.064,0.649,0.061,0.736,0.050
1997,1,1.466,0.172,0.410,0.086,0.739,0.067,0.676,0.062,0.725,0.050
1997,2,-0.500,0.147,0.474,0.083,0.745,0.068,0.699,0.061,0.723,0.050
1997,3,-1.740,0.162,0.394,0.082,0.782,0.067,0.744,0.061,0.721,0.050
1997,4,-0.463,0.183,0.539,0.085,0.812,0.068,0.759,0.060,0.726,0.050
1997,5,-0.006,0.203,0.567,0.085,0.789,0.069,0.785,0.059,0.728,0.050
1997,6,0.823,0.198,0.471,0.083,0.827,0.068,0.797,0.058,0.733,0.052
1997,7,1.510,0.203,0.335,0.084,0.808,0.068,0.805,0.060,0.738,0.052
1997,8,1.386,0.167,0.346,0.084,0.791,0.069,0.824,0.060,0.739,0.053
1997,9,0.700,0.136,0.516,0.083,0.794,0.069,0.849,0.059,0.740,0.053
1997,10,1.728,0.208,0.702,0.079,0.856,0.069,0.876,0.058,0.748,0.053
1997,11,0.112,0.249,0.779,0.072,0.904,0.068,0.875,0.058,0.753,0.054
1997,12,0.641,0.245,0.813,0.069,0.914,0.069,0.866,0.059,0.748,0.054
1998,1,-0.173,0.266,0.787,0.077,0.905,0.071,0.886,0.058,0.730,0.054
1998,2,-0.361,0.167,0.824,0.081,0.899,0.072,0.900,0.057,0.725,0.054
1998,3,0.298,0.185,0.884,0.082,0.918,0.073,0.910,0.057,0.741,0.054
1998,4,1.769,0.229,0.834,0.071,0.924,0.072,0.917,0.057,0.750,0.054
1998,5,0.913,0.156,1.054,0.067,0.897,0.074,0.919,0.057,0.755,0.054
1998,6,1.228,0.237,1.352,0.065,0.927,0.075,0.927,0.057,0.761,0.055
1998,7,1.203,0.180,1.499,0.077,0.943,0.074,0.941,0.057,0.764,0.056
1998,8,1.828,0.124,1.775,0.089,0.939,0.073,0.951,0.058,0.768,0.056
1998,9,1.417,0.160,1.752,0.104,0.992,0.072,0.952,0.059,0.772,0.056
1998,10,1.128,0.178,1.710,0.104,1.038,0.070,0.978,0.059,0.776,0.057
1998,11,2.754,0.158,1.755,0.098,1.066,0.071,0.981,0.059,0.772,0.058
1998,12,4.224,0.260,1.795,0.096,1.085,0.070,0.977,0.059,0.765,0.058
1999,1,1.586,0.282,1.729,0.088,1.098,0.074,0.984,0.060,0.777,0.059
1999,2,2.958,0.319,1.719,0.080,1.110,0.075,1.008,0.060,0.802,0.060
1999,3,0.018,0.284,1.692,0.082,1.107,0.079,1.024,0.061,0.811,0.061
1999,4,1.267,0.180,1.740,0.090,1.131,0.078,1.018,0.062,0.803,0.062
1999,5,1.451,0.145,1.580,0.092,1.155,0.078,1.021,0.062,0.811,0.062
1999,6,1.712,0.209,1.350,0.089,1.176,0.077,1.028,0.063,0.809,0.062
1999,7,0.407,0.212,1.320,0.081,1.172,0.078,1.023,0.065,0.810,0.063
1999,8,1.704,0.139,1.079,0.078,1.204,0.077,1.025,0.066,0.816,0.064
1999,9,1.091,0.164,1.077,0.074,1.268,0.076,1.042,0.067,0.820,0.065
1999,10,1.705,0.220,1.290,0.088,1.284,0.076,1.050,0.068,0.819,0.065
1999,11,0.840,0.246,1.410,0.107,1.305,0.074,1.049,0.069,0.818,0.065
1999,12,1.464,0.189,1.318,0.102,1.313,0.074,1.050,0.069,0.819,0.066
2000,1,1.225,0.190,1.340,0.102,1.303,0.077,1.030,0.069,0.837,0.065
2000,2,0.065,0.241,1.295,0.101,1.307,0.076,1.010,0.069,0.849,0.066
2000,3,-0.001,0.216,1.337,0.097,1.326,0.075,1.021,0.069,0.865,0.067
2000,4,3.821,0.213,1.218,0.094,1.345,0.070,1.033,0.069,0.874,0.067
2000,5,2.893,0.274,1.120,0.093,1.361,0.069,1.034,0.070,0.876,0.067
2000,6,0.609,0.214,1.089,0.108,1.342,0.068,1.042,0.071,0.881,0.068
2000,7,0.661,0.176,0.999,0.106,1.372,0.066,1.047,0.070,0.887,0.069
2000,8,1.165,0.181,1.060,0.097,1.406,0.066,1.043,0.072,0.887,0.070
2000,9,1.598,0.100,1.232,0.091,1.402,0.066,1.053,0.072,0.887,0.070
2000,10,0.284,0.163,1.137,0.072,1.390,0.067,1.066,0.072,0.898,0.070
2000,11,-0.338,0.233,1.103,0.072,1.377,0.067,1.060,0.073,0.894,0.070
2000,12,1.092,0.324,1.189,0.071,1.371,0.069,1.087,0.072,0.898,0.070
2001,1,0.141,0.218,1.225,0.080,1.378,0.072,1.090,0.071,0.899,0.070
2001,2,0.794,0.238,1.238,0.091,1.371,0.073,1.106,0.072,0.904,0.070
2001,3,2.060,0.220,1.227,0.111,1.362,0.072,1.131,0.071,0.909,0.071
2001,4,2.685,0.145,1.326,0.110,1.383,0.074,1.146,0.072,0.912,0.071
2001,5,2.487,0.155,1.454,0.109,1.340,0.076,1.162,0.074,0.925,0.072
2001,6,1.644,0.275,1.618,0.105,1.282,0.077,1.175,0.073,0.935,0.072
2001,7,1.090,0.222,1.707,0.118,1.300,0.077,1.184,0.075,0.939,0.073
2001,8,1.314,0.241,1.760,0.122,1.296,0.077,1.192,0.075,0.944,0.074
2001,9,1.474,0.349,1.760,0.123,1.341,0.079,1.185,0.076,0.948,0.074
2001,10,1.464,0.179,1.583,0.136,1.326,0.082,1.209,0.076,0.950,0.074
2001,11,1.196,0.201,1.480,0.138,1.319,0.084,1.218,0.076,0.944,0.075
2001,12,3.072,0.255,1.448,0.136,1.312,0.084,1.185,0.075,0.939,0.074
2002,1,1.198,0.314,1.432,0.141,1.306,0.085,1.170,0.075,0.950,0.074
2002,2,1.436,0.264,1.459,0.138,1.305,0.089,1.184,0.074,0.950,0.074
2002,3,2.063,0.162,1.493,0.109,1.302,0.090,1.196,0.075,0.961,0.074
2002,4,0.553,0.208,1.607,0.094,1.288,0.094,1.211,0.075,0.973,0.075
2002,5,1.253,0.250,1.595,0.093,1.309,0.094,1.226,0.076,0.992,0.075
2002,6,1.266,0.184,1.300,0.088,1.272,0.097,1.234,0.078,0.997,0.076
2002,7,0.896,0.216,1.335,0.079,1.253,0.096,1.229,0.080,1.003,0.077
2002,8,1.633,0.247,1.355,0.084,1.230,0.096,1.225,0.080,1.012,0.078
2002,9,1.886,0.133,1.189,0.087,1.248,0.096,1.226,0.079,1.021,0.079
2002,10,2.837,0.230,1.232,0.094,1.210,0.097,1.215,0.080,1.029,0.079
2002,11,1.050,0.230,1.136,0.078,1.164,0.096,1.232,0.080,1.030,0.078
2002,12,-0.470,0.197,1.106,0.094,1.170,0.095,1.225,0.080,1.031,0.078
2003,1,1.614,0.217,1.163,0.114,1.188,0.095,1.192,0.079,1.043,0.078
2003,2,1.677,0.197,1.144,0.120,1.188,0.099,1.184,0.079,1.052,0.077
2003,3,0.071,0.234,1.061,0.122,1.188,0.099,1.217,0.079,1.066,0.078
2003,4,1.070,0.316,1.022,0.136,1.208,0.100,1.225,0.080,1.070,0.078
2003,5,0.103,0.121,0.953,0.143,1.224,0.100,1.235,0.081,1.074,0.079
2003,6,0.900,0.378,1.051,0.143,1.247,0.097,1.243,0.084,1.081,0.080
2003,7,1.577,0.432,1.138,0.131,1.236,0.099,1.246,0.085,1.089,0.081
2003,8,1.410,0.252,1.229,0.125,1.273,0.103,1.240,0.086,1.092,0.082
2003,9,0.893,0.145,1.449,0.122,1.270,0.103,1.242,0.086,1.097,0.083
2003,10,2.362,0.157,1.389,0.112,1.255,0.103,1.247,0.087,1.105,0.084
2003,11,0.222,0.229,1.464,0.119,1.257,0.104,1.225,0.088,1.111,0.084
2003,12,0.716,0.306,1.496,0.119,1.264,0.104,1.191,0.087,1.104,0.083
2004,1,2.650,0.288,1.372,0.119,1.269,0.104,1.181,0.087,1.098,0.083
2004,2,2.769,0.208,1.390,0.131,1.274,0.100,1.180,0.088,1.094,0.083
2004,3,2.710,0.216,1.393,0.141,1.263,0.096,1.198,0.089,1.094,0.084
2004,4,0.356,0.134,1.268,0.155,1.286,0.096,1.175,0.091,1.098,0.085
2004,5,1.006,0.213,1.424,0.168,1.281,0.097,1.179,0.093,1.104,0.085
2004,6,1.279,0.308,1.301,0.170,1.195,0.094,1.168,0.093,1.110,0.086
2004,7,0.096,0.304,1.085,0.175,1.168,0.092,1.176,0.092,1.114,0.087
2004,8,1.626,0.272,0.744,0.176,1.164,0.092,1.178,0.094,1.116,0.087
2004,9,0.918,0.178,0.612,0.166,1.125,0.092,1.178,0.095,1.130,0.088
2004,10,0.863,0.284,0.710,0.163,1.138,0.091,1.171,0.095,1.135,0.089
2004,11,2.094,0.337,0.638,0.166,1.147,0.092,1.175,0.094,1.124,0.088
2004,12,-0.751,0.324,0.613,0.155,1.155,0.095,1.175,0.094,1.132,0.087
2005,1,0.049,0.245,0.749,0.133,1.155,0.097,1.196,0.093,1.133,0.088
2005,2,-1.317,0.226,0.707,0.128,1.143,0.097,1.215,0.093,1.140,0.088
2005,3,1.127,0.125,0.765,0.116,1.126,0.098,1.245,0.093,1.143,0.088
2005,4,1.533,0.287,0.819,0.103,1.084,0.103,1.233,0.093,1.153,0.089
2005,5,0.137,0.134,0.693,0.089,1.103,0.103,1.225,0.092,1.164,0.090
2005,6,0.974,0.100,0.966,0.074,1.109,0.103,1.239,0.094,1.176,0.090
2005,7,1.734,0.210,0.919,0.082,1.011,0.102,1.251,0.096,1.178,0.091
2005,8,1.124,0.175,1.275,0.099,0.962,0.102,1.250,0.097,1.179,0.092
2005,9,1.614,0.138,1.341,0.099,1.032,0.101,1.247,0.099,1.181,0.093
2005,10,1.504,0.217,1.359,0.094,1.059,0.100,1.270,0.099,1.191,0.093
2005,11,0.588,0.213,1.569,0.099,1.093,0.103,1.280,0.098,1.188,0.093
2005,12,2.519,0.211,1.660,0.099,1.115,0.105,1.285,0.095,1.191,0.093
2006,1,-0.513,0.230,1.630,0.111,1.115,0.103,1.291,0.096,1.206,0.092
2006,2,2.961,0.304,1.672,0.104,1.109,0.104,1.286,0.096,1.212,0.092
2006,3,1.913,0.179,1.604,0.105,1.122,0.104,1.274,0.097,1.227,0.092
2006,4,1.753,0.175,1.717,0.099,1.110,0.104,1.268,0.097,1.231,0.093
2006,5,2.660,0.357,1.743,0.104,1.110,0.103,1.268,0.098,1.240,0.094
2006,6,2.059,0.147,1.355,0.111,1.101,0.101,1.276,0.100,1.244,0.094
2006,7,1.375,0.336,1.364,0.106,1.063,0.102,1.280,0.101,1.251,0.096
2006,8,1.629,0.275,1.218,0.098,1.063,0.104,1.284,0.101,1.253,0.096
2006,9,0.802,0.117,1.032,0.107,1.054,0.104,1.282,0.099,1.256,0.097
2006,10,2.861,0.180,0.999,0.113,1.025,0.105,1.276,0.099,1.261,0.098
2006,11,0.891,0.243,0.925,0.118,1.039,0.106,1.259,0.101,1.261,0.098
2006,12,-2.136,0.133,0.900,0.140,1.024,0.108,1.228,0.100,1.263,0.097
2007,1,-0.403,0.221,0.860,0.133,1.045,0.107,1.224,0.099,1.263,0.097
2007,2,1.207,0.099,0.804,0.139,1.051,0.107,1.200,0.099,1.263,0.097
2007,3,-0.313,0.278,0.808,0.141,1.053,0.107,1.179,0.101,1.275,0.098
2007,4,1.356,0.275,0.597,0.140,1.055,0.106,1.188,0.101,1.288,0.098
2007,5,1.772,0.314,0.703,0.134,1.041,0.105,1.198,0.102,1.300,0.098
2007,6,1.755,0.390,0.870,0.133,1.077,0.104,1.197,0.104,1.307,0.099
2007,7,0.900,0.313,0.552,0.139,1.139,0.103,1.201,0.105,1.307,0.100
2007,8,0.952,0.225,0.344,0.148,1.201,0.103,1.200,0.107,1.307,0.100
2007,9,0.854,0.177,0.724,0.145,1.243,0.104,1.194,0.109,1.312,0.100
2007,10,0.329,0.223,0.838,0.146,1.256,0.102,1.182,0.110,1.312,0.099
2007,11,2.157,0.246,0.870,0.141,1.286,0.103,1.186,0.110,1.320,0.099
2007,12,-0.126,0.141,0.906,0.133,1.308,0.105,1.196,0.110,1.323,0.099
2008,1,-4.221,0.331,0.962,0.140,1.314,0.108,1.199,0.110,1.333,0.098
2008,2,-1.289,0.224,0.974,0.150,1.313,0.109,1.204,0.109,1.346,0.098
2008,3,4.250,0.301,1.041,0.149,1.306,0.112,1.223,0.109,1.364,0.098
2008,4,2.727,0.273,1.152,0.146,1.331,0.111,1.223,0.109,1.362,0.099
2008,5,2.158,0.327,0.991,0.146,1.337,0.108,1.229,0.110,1.361,0.099
2008,6,2.181,0.294,1.012,0.143,1.322,0.108,1.236,0.112,1.366,0.100
2008,7,1.568,0.334,1.395,0.138,1.346,0.108,1.238,0.112,1.372,0.100
2008,8,1.099,0.269,1.736,0.139,1.299,0.104,1.233,0.113,1.373,0.100
2008,9,1.667,0.085,1.563,0.142,1.278,0.105,1.243,0.113,1.376,0.100
2008,10,1.651,0.154,1.217,0.133,1.281,0.105,1.232,0.114,1.376,0.101
2008,11,0.223,0.155,1.192,0.132,1.279,0.105,1.240,0.114,1.368,0.102
2008,12,0.134,0.160,1.044,0.127,1.288,0.107,1.231,0.112,1.360,0.101
2009,1,0.372,0.177,1.025,0.120,1.290,0.109,1.212,0.111,1.366,0.101
2009,2,2.808,0.269,1.098,0.121,1.293,0.113,1.179,0.111,1.358,0.102
2009,3,2.168,0.257,1.047,0.134,1.300,0.113,1.165,0.111,1.357,0.102
2009,4,-1.427,0.190,0.989,0.128,1.266,0.114,1.179,0.112,1.352,0.102
2009,5,1.862,0.229,1.076,0.126,1.238,0.116,1.186,0.112,1.352,0.102
2009,6,0.406,0.253,1.184,0.129,1.262,0.117,1.193,0.113,1.356,0.102
2009,7,1.335,0.165,1.464,0.122,1.280,0.119,1.204,0.113,1.364,0.102
2009,8,1.981,0.276,1.432,0.117,1.237,0.119,1.207,0.114,1.364,0.103
2009,9,1.049,0.247,1.553,0.113,1.233,0.120,1.219,0.114,1.370,0.103
2009,10,0.957,0.141,1.867,0.114,1.238,0.120,1.219,0.114,1.371,0.103
2009,11,1.265,0.132,1.873,0.116,1.249,0.123,1.198,0.113,1.364,0.103
2009,12,1.428,0.148,2.032,0.116,1.240,0.123,1.215,0.111,1.366,0.103
2010,1,3.732,0.215,2.094,0.131,1.248,0.125,1.236,0.112,1.363,0.103
2010,2,2.430,0.313,2.017,0.127,1.257,0.130,1.270,0.113,1.372,0.103
2010,3,3.622,0.220,2.028,0.129,1.262,0.132,1.264,0.113,1.376,0.102
2010,4,2.333,0.164,2.201,0.136,1.279,0.130,1.273,0.113,1.362,0.102
2010,5,1.936,0.171,2.175,0.128,1.269,0.130,1.295,0.114,1.357,0.102
2010,6,2.311,0.261,2.190,0.126,1.284,0.130,1.310,0.115,1.365,0.102
2010,7,2.090,0.416,1.956,0.132,1.388,0.131,1.309,0.117,1.369,0.102
2010,8,1.057,0.234,1.767,0.123,1.446,0.129,1.315,0.117,1.370,0.103
2010,9,1.176,0.221,1.520,0.127,1.415,0.129,1.309,0.118,1.368,0.103
2010,10,3.032,0.155,1.486,0.127,1.386,0.128,1.317,0.118,1.367,0.103
2010,11,0.953,0.180,1.536,0.130,1.364,0.128,1.316,0.118,1.372,0.104
2010,12,1.605,0.160,1.560,0.136,1.357,0.130,1.295,0.118,1.367,0.103
2011,1,0.931,0.234,1.511,0.134,1.361,0.132,1.322,0.118,NaN,NaN
2011,2,0.153,0.301,1.574,0.137,1.357,0.134,1.319,0.117,NaN,NaN
2011,3,0.664,0.256,1.576,0.126,1.364,0.134,1.323,0.117,NaN,NaN
2011,4,1.919,0.159,1.391,0.125,1.353,0.135,1.317,0.117,NaN,NaN
2011,5,2.538,0.228,1.244,0.155,1.370,0.135,1.318,0.117,NaN,NaN
2011,6,2.599,0.287,1.056,0.157,1.361,0.135,1.314,0.118,NaN,NaN
2011,7,1.505,0.327,1.034,0.166,1.361,0.134,1.318,0.119,NaN,NaN
2011,8,1.815,0.267,0.904,0.168,1.295,0.131,1.315,0.121,NaN,NaN
2011,9,1.196,0.147,0.803,0.174,1.275,0.130,1.327,0.121,NaN,NaN
2011,10,0.816,0.192,0.781,0.181,1.333,0.132,1.312,0.122,NaN,NaN
2011,11,-0.812,0.389,0.774,0.184,1.334,0.132,1.305,0.121,NaN,NaN
2011,12,-0.648,0.184,0.658,0.180,1.362,0.132,1.340,0.122,NaN,NaN
2012,1,0.670,0.243,0.647,0.179,1.364,0.132,1.356,0.123,NaN,NaN
2012,2,-1.417,0.267,0.624,0.187,1.362,0.134,1.342,0.123,NaN,NaN
2012,3,-0.547,0.346,0.619,0.193,1.384,0.136,1.355,0.123,NaN,NaN
2012,4,1.662,0.292,0.662,0.188,1.384,0.138,1.364,0.124,NaN,NaN
2012,5,2.449,0.265,0.858,0.177,1.355,0.137,1.374,0.123,NaN,NaN
2012,6,1.205,0.317,0.978,0.181,1.353,0.136,1.380,0.124,NaN,NaN
2012,7,1.372,0.323,1.089,0.177,1.333,0.139,1.386,0.124,NaN,NaN
2012,8,1.538,0.315,1.392,0.168,1.339,0.138,1.389,0.125,NaN,NaN
2012,9,1.136,0.193,1.634,0.160,1.285,0.138,1.397,0.125,NaN,NaN
2012,10,1.338,0.117,1.582,0.148,1.291,0.138,1.410,0.124,NaN,NaN
2012,11,1.533,0.232,1.446,0.132,1.304,0.139,1.407,0.124,NaN,NaN
2012,12,0.798,0.248,1.492,0.139,1.312,0.138,1.421,0.124,NaN,NaN
2013,1,2.000,0.265,1.527,0.135,1.305,0.138,1.473,0.125,NaN,NaN
2013,2,2.224,0.177,1.472,0.136,1.316,0.136,1.508,0.125,NaN,NaN
2013,3,2.352,0.269,1.549,0.134,1.313,0.136,1.511,0.124,NaN,NaN
2013,4,1.043,0.223,1.520,0.142,1.303,0.137,1.499,0.124,NaN,NaN
2013,5,0.815,0.182,1.499,0.139,1.294,0.139,1.487,0.124,NaN,NaN
2013,6,1.759,0.339,1.397,0.136,1.267,0.141,1.488,0.124,NaN,NaN
2013,7,1.787,0.233,1.261,0.131,1.298,0.140,1.497,0.124,NaN,NaN
2013,8,0.878,0.348,0.978,0.132,1.338,0.141,1.506,0.124,NaN,NaN
2013,9,2.061,0.134,0.865,0.128,1.367,0.140,1.509,0.124,NaN,NaN
2013,10,0.986,0.171,0.947,0.136,1.352,0.140,1.505,0.124,NaN,NaN
2013,11,1.283,0.178,1.040,0.138,1.357,0.140,1.511,0.125,NaN,NaN
2013,12,-0.420,0.229,1.067,0.131,1.339,0.139,1.529,0.126,NaN,NaN
2014,1,0.361,0.310,1.039,0.126,1.345,0.138,1.552,0.126,NaN,NaN
2014,2,-1.164,0.283,1.124,0.124,1.336,0.136,1.535,0.125,NaN,NaN
2014,3,0.991,0.295,1.150,0.136,1.355,0.137,1.515,0.124,NaN,NaN
2014,4,2.024,0.296,1.145,0.143,1.359,0.138,1.528,0.124,NaN,NaN
2014,5,1.937,0.201,1.001,0.136,1.372,0.134,1.526,0.123,NaN,NaN
2014,6,2.077,0.340,1.146,0.139,1.418,0.135,1.543,0.122,NaN,NaN
2014,7,1.453,0.277,1.327,0.157,1.433,0.134,1.552,0.122,NaN,NaN
2014,8,1.892,0.305,1.652,0.169,1.447,0.134,1.550,0.122,NaN,NaN
2014,9,2.375,0.261,1.604,0.164,1.477,0.133,1.562,0.122,NaN,NaN
2014,10,0.934,0.275,1.658,0.154,1.491,0.132,1.570,0.122,NaN,NaN
2014,11,-0.447,0.167,1.722,0.155,1.499,0.129,1.553,0.123,NaN,NaN
2014,12,1.319,0.292,1.781,0.143,1.520,0.128,1.558,0.122,NaN,NaN
2015,1,2.526,0.225,1.800,0.152,1.524,0.128,1.531,0.123,NaN,NaN
2015,2,2.740,0.239,1.788,0.137,1.521,0.125,1.528,0.122,NaN,NaN
2015,3,0.420,0.241,1.671,0.129,1.532,0.124,1.506,0.121,NaN,NaN
2015,4,2.666,0.331,1.795,0.127,1.541,0.125,1.491,0.121,NaN,NaN
2015,5,2.714,0.245,1.867,0.136,1.546,0.125,1.489,0.120,NaN,NaN
2015,6,2.781,0.186,1.757,0.141,1.559,0.126,1.490,0.119,NaN,NaN
2015,7,1.680,0.350,1.777,0.136,1.559,0.126,1.487,0.118,NaN,NaN
2015,8,1.748,0.198,1.764,0.132,1.570,0.126,1.490,0.118,NaN,NaN
2015,9,0.967,0.154,1.931,0.135,1.608,0.124,1.489,0.117,NaN,NaN
2015,10,2.429,0.263,1.793,0.132,1.612,0.124,1.463,0.116,NaN,NaN
2015,11,0.419,0.201,1.804,0.135,1.610,0.124,1.464,0.118,NaN,NaN
2015,12,-0.001,0.284,1.698,0.143,1.619,0.122,1.450,0.119,NaN,NaN
2016,1,2.759,0.309,1.711,0.143,1.634,0.121,NaN,NaN,NaN,NaN
2016,2,2.590,0.195,1.672,0.139,1.654,0.118,NaN,NaN,NaN,NaN
2016,3,2.420,0.223,1.785,0.141,1.655,0.118,NaN,NaN,NaN,NaN
2016,4,1.013,0.236,1.671,0.138,1.658,0.119,NaN,NaN,NaN,NaN
2016,5,2.841,0.255,1.633,0.139,1.652,0.120,NaN,NaN,NaN,NaN
2016,6,1.511,0.283,1.812,0.136,1.698,0.122,NaN,NaN,NaN,NaN
2016,7,1.833,0.344,1.710,0.139,1.743,0.124,NaN,NaN,NaN,NaN
2016,8,1.278,0.189,1.446,0.145,1.776,0.124,NaN,NaN,NaN,NaN
2016,9,2.332,0.217,1.350,0.152,1.756,0.123,NaN,NaN,NaN,NaN
2016,10,1.051,0.262,1.473,0.159,1.724,0.121,NaN,NaN,NaN,NaN
2016,11,-0.036,0.331,1.483,0.155,1.718,0.119,NaN,NaN,NaN,NaN
2016,12,2.148,0.264,1.564,0.156,1.725,0.118,NaN,NaN,NaN,NaN
2017,1,1.537,0.368,1.542,0.157,1.741,0.118,NaN,NaN,NaN,NaN
2017,2,-0.581,0.250,1.552,0.164,1.738,0.116,NaN,NaN,NaN,NaN
2017,3,1.267,0.256,1.505,0.157,1.739,0.115,NaN,NaN,NaN,NaN
2017,4,2.498,0.211,1.574,0.153,1.757,0.113,NaN,NaN,NaN,NaN
2017,5,2.953,0.146,1.730,0.145,1.752,0.114,NaN,NaN,NaN,NaN
2017,6,2.488,0.208,1.682,0.146,1.762,0.112,NaN,NaN,NaN,NaN
2017,7,1.569,0.193,1.723,0.131,1.729,0.112,NaN,NaN,NaN,NaN
2017,8,1.396,0.193,2.011,0.124,1.718,0.111,NaN,NaN,NaN,NaN
2017,9,1.770,0.194,2.292,0.118,1.726,0.110,NaN,NaN,NaN,NaN
2017,10,1.885,0.253,2.188,0.110,1.690,0.109,NaN,NaN,NaN,NaN
2017,11,1.831,0.210,2.001,0.107,1.675,0.108,NaN,NaN,NaN,NaN
2017,12,1.568,0.269,1.984,0.103,1.669,0.108,NaN,NaN,NaN,NaN
2018,1,2.026,0.189,2.076,0.105,1.669,0.108,NaN,NaN,NaN,NaN
2018,2,2.878,0.177,2.135,0.101,1.664,0.109,NaN,NaN,NaN,NaN
2018,3,4.637,0.227,2.162,0.101,1.666,0.108,NaN,NaN,NaN,NaN
2018,4,1.256,0.203,2.106,0.106,1.624,0.106,NaN,NaN,NaN,NaN
2018,5,0.705,0.299,2.028,0.111,1.634,0.106,NaN,NaN,NaN,NaN
2018,6,2.283,0.259,2.092,0.107,1.633,0.106,NaN,NaN,NaN,NaN
2018,7,2.677,0.174,2.178,0.112,NaN,NaN,NaN,NaN,NaN,NaN
2018,8,2.108,0.248,2.007,0.116,NaN,NaN,NaN,NaN,NaN,NaN
2018,9,2.089,0.170,1.603,0.119,NaN,NaN,NaN,NaN,NaN,NaN
2018,10,1.208,0.215,1.509,0.118,NaN,NaN,NaN,NaN,NaN,NaN
2018,11,0.898,0.273,1.582,0.114,NaN,NaN,NaN,NaN,NaN,NaN
2018,12,2.344,0.173,1.597,0.112,NaN,NaN,NaN,NaN,NaN,NaN
2019,1,3.047,0.165,1.576,0.116,NaN,NaN,NaN,NaN,NaN,NaN
2019,2,0.833,0.169,1.542,0.110,NaN,NaN,NaN,NaN,NaN,NaN
2019,3,-0.219,0.232,1.571,0.115,NaN,NaN,NaN,NaN,NaN,NaN
2019,4,0.137,0.224,1.638,0.115,NaN,NaN,NaN,NaN,NaN,NaN
2019,5,1.575,0.294,1.500,0.106,NaN,NaN,NaN,NaN,NaN,NaN
2019,6,2.464,0.222,1.466,0.105,NaN,NaN,NaN,NaN,NaN,NaN
2019,7,2.431,0.213,1.258,0.106,NaN,NaN,NaN,NaN,NaN,NaN
2019,8,1.702,0.207,1.360,0.106,NaN,NaN,NaN,NaN,NaN,NaN
2019,9,2.430,0.214,1.456,0.100,NaN,NaN,NaN,NaN,NaN,NaN
2019,10,2.008,0.228,1.488,0.099,NaN,NaN,NaN,NaN,NaN,NaN
2019,11,-0.753,0.296,1.507,0.099,NaN,NaN,NaN,NaN,NaN,NaN
2019,12,1.942,0.263,1.503,0.100,NaN,NaN,NaN,NaN,NaN,NaN
2020,1,0.540,0.202,1.440,0.103,NaN,NaN,NaN,NaN,NaN,NaN
2020,2,2.062,0.211,1.419,0.108,NaN,NaN,NaN,NaN,NaN,NaN
2020,3,0.928,0.190,1.306,0.100,NaN,NaN,NaN,NaN,NaN,NaN
2020,4,0.526,0.154,1.133,0.099,NaN,NaN,NaN,NaN,NaN,NaN
2020,5,1.800,0.285,1.278,0.104,NaN,NaN,NaN,NaN,NaN,NaN
2020,6,2.421,0.220,1.112,0.107,NaN,NaN,NaN,NaN,NaN,NaN
2020,7,1.677,0.299,NaN,NaN,NaN,NaN,NaN,NaN,NaN,NaN
2020,8,1.442,0.332,NaN,NaN,NaN,NaN,NaN,NaN,NaN,NaN
2020,9,1.074,0.188,NaN,NaN,NaN,NaN,NaN,NaN,NaN,NaN
2020,10,-0.069,0.316,NaN,NaN,NaN,NaN,NaN,NaN,NaN,NaN
2020,11,0.993,0.357,NaN,NaN,NaN,NaN,NaN,NaN,NaN,NaN
2020,12,-0.046,0.360,NaN,NaN,NaN,NaN,NaN,NaN,NaN,NaN
