1965,1,1.403,0.361,0.604,0.097,0.337,0.052,0.078,0.041,0.013,0.042
1965,2,0.061,0.254,0.610,0.105,0.335,0.052,0.085,0.041,0.005,0.042
1965,3,2.360,0.353,0.652,0.113,0.293,0.050,0.136,0.042,0.020,0.042
1965,4,-1.136,0.265,0.771,0.111,0.313,0.049,0.162,0.042,0.042,0.042
1965,5,0.952,0.298,0.655,0.122,0.364,0.047,0.193,0.043,0.033,0.042
1965,6,0.154,0.377,0.727,0.120,0.411,0.045,0.184,0.043,0.029,0.042
1965,7,1.565,0.302,0.820,0.129,0.393,0.048,0.200,0.043,0.038,0.042
1965,8,-0.352,0.237,1.139,0.151,0.314,0.049,0.201,0.045,0.035,0.043
1965,9,0.215,0.365,1.192,0.152,0.330,0.050,0.211,0.045,0.040,0.043
1965,10,0.035,0.339,1.285,0.159,0.337,0.049,0.219,0.045,0.032,0.043
1965,11,1.467,0.344,1.055,0.179,0.366,0.047,0.246,0.045,0.019,0.043
1965,12,2.000,0.272,1.041,0.190,0.352,0.046,0.217,0.047,0.024,0.043
1966,1,2.516,0.345,1.001,0.179,0.334,0.047,0.217,0.047,0.058,0.043
1966,2,3.894,0.355,1.172,0.185,0.359,0.047,0.191,0.049,0.057,0.043
1966,3,2.997,0.312,1.257,0.181,0.351,0.049,0.163,0.049,0.054,0.043
1966,4,-0.026,0.422,1.171,0.160,0.296,0.047,0.143,0.049,0.052,0.044
1966,5,-1.808,0.272,0.940,0.137,0.225,0.047,0.114,0.051,0.060,0.045
1966,6,-0.009,0.396,0.261,0.107,0.152,0.048,0.113,0.050,0.070,0.045
1966,7,1.080,0.245,0.009,0.084,-0.038,0.047,0.123,0.051,0.064,0.044
1966,8,1.699,0.240,-0.436,0.091,-0.113,0.050,0.112,0.049,0.070,0.044
1966,9,1.236,0.316,-0.601,0.102,-0.140,0.056,0.134,0.048,0.073,0.044
1966,10,-0.988,0.254,-0.428,0.089,-0.094,0.051,0.164,0.048,0.043,0.043
1966,11,-1.309,0.206,-0.151,0.085,-0.115,0.051,0.193,0.047,0.018,0.043
1966,12,-6.154,0.464,-0.138,0.078,-0.095,0.052,0.213,0.048,0.000,0.042
1967,1,-0.502,0.364,-0.270,0.079,-0.083,0.057,0.147,0.051,-0.015,0.042
1967,2,-1.443,0.235,-0.413,0.080,-0.102,0.061,0.095,0.051,-0.018,0.042
1967,3,1.017,0.380,-0.715,0.078,-0.106,0.062,0.025,0.049,-0.003,0.042
1967,4,2.041,0.300,-0.496,0.086,-0.093,0.060,0.025,0.049,0.019,0.042
1967,5,1.524,0.281,-0.286,0.091,-0.101,0.060,0.012,0.049,0.023,0.041
1967,6,0.142,0.260,0.424,0.085,-0.084,0.057,0.005,0.049,0.033,0.042
1967,7,-0.505,0.338,0.688,0.092,-0.112,0.054,-0.024,0.050,0.040,0.043
1967,8,-0.020,0.303,0.870,0.088,-0.054,0.056,-0.031,0.049,0.039,0.043
1967,9,-2.385,0.228,1.092,0.089,-0.091,0.054,-0.045,0.047,0.028,0.044
1967,10,1.640,0.237,0.851,0.081,-0.043,0.054,-0.044,0.046,0.023,0.044
1967,11,1.217,0.259,0.873,0.078,-0.066,0.058,-0.011,0.045,0.042,0.044
1967,12,2.359,0.344,0.812,0.080,-0.085,0.061,-0.004,0.045,0.030,0.042
1968,1,2.664,0.203,0.765,0.079,-0.119,0.061,-0.048,0.045,0.024,0.042
1968,2,0.749,0.249,0.788,0.092,-0.121,0.063,-0.076,0.044,-0.003,0.041
1968,3,3.682,0.360,0.874,0.091,-0.118,0.061,-0.087,0.044,0.002,0.040
1968,4,-0.852,0.295,0.634,0.096,-0.113,0.060,-0.062,0.044,0.017,0.041
1968,5,1.783,0.253,0.425,0.090,-0.133,0.058,-0.066,0.044,0.021,0.041
1968,6,-0.591,0.301,-0.120,0.085,-0.221,0.055,-0.067,0.044,0.026,0.042
1968,7,-1.071,0.257,-1.166,0.094,-0.234,0.051,-0.071,0.045,0.033,0.041
1968,8,0.265,0.243,-1.821,0.109,-0.322,0.049,-0.063,0.047,0.028,0.041
1968,9,-1.353,0.253,-2.393,0.120,-0.385,0.047,-0.076,0.048,0.045,0.041
1968,10,-1.239,0.269,-2.350,0.117,-0.393,0.048,-0.096,0.047,0.045,0.040
1968,11,-1.290,0.232,-2.677,0.107,-0.384,0.051,-0.094,0.048,0.053,0.040
1968,12,-4.183,0.285,-2.594,0.104,-0.386,0.053,-0.067,0.049,0.062,0.040
1969,1,-9.894,0.216,-2.515,0.108,-0.395,0.055,-0.105,0.049,0.052,0.040
1969,2,-7.103,0.337,-2.668,0.104,-0.440,0.052,-0.120,0.052,0.066,0.040
1969,3,-3.190,0.291,-2.599,0.102,-0.426,0.052,-0.099,0.054,0.072,0.040
1969,4,-0.333,0.254,-2.547,0.100,-0.380,0.053,-0.064,0.051,0.058,0.040
1969,5,-2.143,0.258,-2.241,0.101,-0.289,0.054,-0.043,0.051,0.061,0.041
1969,6,0.406,0.232,-1.712,0.110,-0.113,0.054,-0.034,0.052,0.057,0.041
1969,7,-0.122,0.353,-0.909,0.110,-0.204,0.061,-0.015,0.052,0.067,0.041
1969,8,-1.575,0.257,-0.026,0.108,-0.239,0.061,-0.017,0.054,0.072,0.041
1969,9,-0.517,0.326,0.256,0.100,-0.302,0.059,-0.010,0.053,0.071,0.040
1969,10,-0.617,0.162,0.425,0.104,-0.319,0.060,0.021,0.051,0.084,0.040
1969,11,2.374,0.170,0.571,0.109,-0.352,0.062,-0.003,0.050,0.100,0.041
1969,12,2.169,0.194,0.456,0.113,-0.363,0.062,-0.036,0.051,0.140,0.042
1970,1,-0.253,0.209,0.424,0.108,-0.386,0.061,-0.014,0.050,0.121,0.041
1970,2,3.492,0.180,0.516,0.113,-0.396,0.061,-0.006,0.051,0.102,0.041
1970,3,0.190,0.261,0.594,0.104,-0.382,0.059,-0.004,0.050,0.115,0.041
1970,4,1.700,0.268,0.673,0.112,-0.401,0.060,0.030,0.049,0.123,0.040
1970,5,-0.396,0.230,0.495,0.109,-0.385,0.060,0.019,0.050,0.148,0.040
1970,6,-0.976,0.323,0.040,0.107,-0.418,0.059,0.028,0.049,0.147,0.040
1970,7,-0.498,0.239,0.207,0.111,-0.489,0.058,0.028,0.049,0.160,0.039
1970,8,-0.475,0.274,-0.200,0.116,-0.466,0.058,0.033,0.051,0.160,0.039
1970,9,0.417,0.183,-0.277,0.111,-0.504,0.060,0.040,0.052,0.163,0.039
1970,10,0.335,0.199,-0.465,0.117,-0.461,0.060,0.032,0.052,0.168,0.039
1970,11,0.237,0.201,-0.536,0.115,-0.499,0.062,0.000,0.051,0.193,0.039
1970,12,-3.292,0.206,-0.465,0.116,-0.486,0.063,-0.010,0.050,0.205,0.039
1971,1,1.750,0.223,-0.381,0.120,-0.475,0.063,0.017,0.049,0.211,0.039
1971,2,-1.392,0.268,-0.421,0.104,-0.484,0.064,-0.040,0.048,0.217,0.039
1971,3,-0.733,0.250,-0.283,0.105,-0.502,0.062,-0.096,0.047,0.220,0.039
1971,4,-0.561,0.263,-0.165,0.101,-0.487,0.061,-0.093,0.044,0.212,0.039
1971,5,-1.247,0.259,0.161,0.110,-0.413,0.062,-0.069,0.045,0.198,0.039
1971,6,-0.116,0.215,0.803,0.121,-0.285,0.065,-0.063,0.043,0.200,0.039
1971,7,0.508,0.322,0.160,0.131,-0.171,0.067,-0.080,0.041,0.206,0.038
1971,8,-0.960,0.290,-0.017,0.124,-0.127,0.070,-0.074,0.039,0.212,0.038
1971,9,2.072,0.322,-0.188,0.122,-0.058,0.069,-0.092,0.039,0.216,0.038
1971,10,1.753,0.244,-0.055,0.118,-0.034,0.068,-0.130,0.040,0.228,0.037
1971,11,4.148,0.345,0.011,0.118,0.029,0.068,-0.154,0.041,0.229,0.038
1971,12,4.416,0.379,-0.025,0.133,0.027,0.068,-0.140,0.043,0.224,0.038
1972,1,-5.973,0.363,-0.221,0.141,0.053,0.068,-0.189,0.044,0.226,0.038
1972,2,-3.512,0.412,-0.194,0.142,0.069,0.067,-0.182,0.044,0.214,0.038
1972,3,-2.782,0.420,-0.497,0.139,0.087,0.065,-0.167,0.044,0.181,0.038
1972,4,1.031,0.272,-0.599,0.141,0.136,0.065,-0.155,0.043,0.190,0.037
1972,5,-0.455,0.324,-0.766,0.136,0.096,0.064,-0.150,0.041,0.189,0.037
1972,6,-0.551,0.478,-1.103,0.129,0.011,0.063,-0.123,0.042,0.189,0.036
1972,7,-1.844,0.503,-0.737,0.122,0.085,0.066,-0.118,0.042,0.183,0.036
1972,8,-0.627,0.353,-0.265,0.113,0.043,0.067,-0.123,0.043,0.183,0.035
1972,9,-1.572,0.394,0.080,0.113,0.083,0.066,-0.100,0.043,0.185,0.033
1972,10,0.530,0.396,0.142,0.107,0.103,0.064,-0.119,0.044,0.187,0.032
1972,11,2.145,0.361,0.138,0.098,0.104,0.062,-0.101,0.044,0.197,0.031
1972,12,0.376,0.431,0.200,0.093,0.140,0.062,-0.122,0.044,0.207,0.031
1973,1,-1.584,0.289,0.318,0.085,0.176,0.064,-0.137,0.044,0.215,0.031
1973,2,2.160,0.233,0.346,0.082,0.187,0.067,-0.149,0.045,0.220,0.031
1973,3,1.353,0.292,0.275,0.074,0.197,0.071,-0.165,0.044,0.220,0.031
1973,4,1.775,0.329,0.201,0.075,0.177,0.070,-0.147,0.045,0.237,0.031
1973,5,-0.504,0.163,0.289,0.069,0.134,0.070,-0.173,0.046,0.231,0.030
1973,6,0.193,0.218,0.545,0.059,0.202,0.072,-0.166,0.046,0.231,0.030
1973,7,-0.433,0.249,0.423,0.057,0.269,0.073,-0.151,0.046,0.240,0.029
1973,8,-0.281,0.318,-0.127,0.069,0.243,0.075,-0.162,0.047,0.249,0.030
1973,9,-2.425,0.204,-0.162,0.080,0.193,0.076,-0.136,0.046,0.249,0.030
1973,10,-0.365,0.241,-0.218,0.109,0.207,0.072,-0.125,0.047,0.246,0.029
1973,11,3.202,0.196,-0.037,0.115,0.246,0.075,-0.102,0.048,0.245,0.029
1973,12,3.451,0.190,-0.033,0.122,0.260,0.073,-0.057,0.049,0.254,0.029
1974,1,-3.049,0.186,0.127,0.111,0.236,0.068,0.020,0.050,0.255,0.028
1974,2,-4.447,0.198,0.098,0.116,0.292,0.063,0.115,0.051,0.248,0.030
1974,3,0.936,0.253,0.345,0.127,0.241,0.062,0.145,0.052,0.260,0.031
1974,4,1.108,0.216,0.569,0.123,0.120,0.064,0.125,0.051,0.265,0.030
1974,5,1.665,0.210,0.301,0.117,-0.019,0.065,0.141,0.053,0.270,0.030
1974,6,0.248,0.243,-0.230,0.126,-0.168,0.065,0.127,0.053,0.276,0.030
1974,7,1.485,0.254,0.370,0.140,-0.173,0.062,0.132,0.054,0.286,0.030
1974,8,-0.630,0.339,0.823,0.153,-0.126,0.057,0.149,0.053,0.293,0.031
1974,9,0.534,0.349,0.959,0.142,-0.031,0.056,0.160,0.053,0.293,0.031
1974,10,2.324,0.166,1.113,0.129,0.009,0.055,0.180,0.054,0.304,0.030
1974,11,-0.018,0.167,0.942,0.129,0.052,0.055,0.161,0.054,0.287,0.030
1974,12,-2.912,0.373,1.022,0.122,0.117,0.052,0.178,0.052,0.247,0.029
1975,1,4.153,0.195,1.035,0.127,0.149,0.051,0.165,0.052,0.246,0.029
1975,2,0.979,0.236,1.107,0.137,0.150,0.052,0.120,0.050,0.256,0.029
1975,3,2.578,0.192,1.147,0.131,0.181,0.052,0.095,0.049,0.233,0.028
1975,4,2.949,0.189,0.879,0.131,0.162,0.053,0.084,0.047,0.242,0.028
1975,5,-0.383,0.225,0.685,0.136,0.184,0.055,0.103,0.046,0.234,0.028
1975,6,1.203,0.270,0.995,0.131,0.175,0.055,0.110,0.046,0.235,0.028
1975,7,1.647,0.299,1.130,0.130,0.216,0.056,0.120,0.046,0.228,0.028
1975,8,0.234,0.465,0.800,0.112,0.168,0.056,0.118,0.046,0.231,0.028
1975,9,1.010,0.294,0.275,0.099,0.175,0.056,0.114,0.046,0.231,0.028
1975,10,-0.891,0.169,0.055,0.095,0.166,0.059,0.118,0.045,0.226,0.027
1975,11,-2.344,0.188,0.176,0.106,0.152,0.061,0.140,0.045,0.216,0.026
1975,12,0.809,0.163,0.134,0.095,0.154,0.062,0.194,0.045,0.212,0.026
1976,1,5.763,0.169,-0.078,0.073,0.173,0.063,0.206,0.044,0.220,0.025
1976,2,-2.980,0.185,0.103,0.088,0.159,0.063,0.244,0.044,0.202,0.025
1976,3,-3.716,0.249,-0.064,0.091,0.230,0.062,0.277,0.044,0.186,0.025
1976,4,0.310,0.215,-0.449,0.079,0.238,0.061,0.282,0.044,0.190,0.024
1976,5,1.062,0.307,-0.604,0.075,0.209,0.060,0.283,0.044,0.197,0.025
1976,6,0.706,0.282,-1.047,0.072,0.172,0.061,0.287,0.043,0.194,0.025
1976,7,-0.900,0.476,-2.052,0.076,0.211,0.061,0.290,0.042,0.190,0.025
1976,8,2.408,0.493,-1.859,0.082,0.356,0.059,0.312,0.041,0.184,0.025
1976,9,-0.994,0.131,-1.308,0.085,0.348,0.059,0.299,0.041,0.181,0.025
1976,10,-5.509,0.246,-1.046,0.074,0.285,0.057,0.292,0.040,0.185,0.024
1976,11,-4.202,0.147,-0.961,0.086,0.253,0.060,0.265,0.041,0.186,0.024
1976,12,-4.509,0.181,-0.737,0.086,0.227,0.058,0.235,0.043,0.210,0.024
1977,1,-6.302,0.234,-0.657,0.065,0.211,0.058,0.306,0.042,0.223,0.025
1977,2,-0.666,0.225,-0.907,0.072,0.230,0.058,0.333,0.041,0.245,0.026
1977,3,2.899,0.200,-0.796,0.075,0.233,0.057,0.337,0.041,0.233,0.026
1977,4,3.459,0.147,-0.391,0.082,0.224,0.058,0.355,0.040,0.210,0.026
1977,5,2.077,0.391,0.247,0.085,0.227,0.057,0.366,0.038,0.207,0.026
1977,6,3.391,0.218,0.609,0.091,0.344,0.057,0.374,0.039,0.207,0.026
1977,7,0.062,0.310,1.207,0.090,0.245,0.056,0.391,0.040,0.212,0.026
1977,8,-0.589,0.316,1.207,0.085,0.197,0.054,0.397,0.040,0.217,0.026
1977,9,0.333,0.218,1.109,0.074,0.107,0.055,0.415,0.039,0.226,0.026
1977,10,-0.643,0.242,0.926,0.078,0.065,0.055,0.419,0.038,0.209,0.026
1977,11,3.454,0.145,0.641,0.088,0.102,0.056,0.405,0.039,0.189,0.026
1977,12,-0.171,0.272,0.383,0.090,0.079,0.058,0.419,0.042,0.187,0.026
1978,1,0.880,0.188,0.438,0.102,0.065,0.060,0.479,0.042,0.185,0.026
1978,2,-0.673,0.197,0.394,0.096,0.049,0.066,0.516,0.043,0.171,0.028
1978,3,1.728,0.176,0.517,0.096,0.031,0.068,0.527,0.043,0.156,0.028
1978,4,1.258,0.137,0.581,0.091,0.059,0.070,0.536,0.041,0.165,0.028
1978,5,-1.342,0.149,0.416,0.087,0.146,0.071,0.528,0.041,0.150,0.028
1978,6,0.301,0.215,0.533,0.093,0.185,0.071,0.529,0.041,0.161,0.028
1978,7,0.714,0.398,0.398,0.094,0.142,0.073,0.550,0.041,0.170,0.028
1978,8,-1.108,0.203,0.813,0.089,0.245,0.072,0.561,0.042,0.172,0.028
1978,9,1.801,0.223,0.706,0.102,0.362,0.073,0.573,0.042,0.182,0.027
1978,10,0.134,0.155,0.378,0.099,0.356,0.072,0.588,0.042,0.190,0.027
1978,11,1.467,0.222,0.466,0.109,0.320,0.072,0.583,0.039,0.204,0.027
1978,12,1.231,0.230,0.334,0.107,0.315,0.071,0.574,0.039,0.236,0.028
1979,1,-0.741,0.261,0.319,0.094,0.343,0.067,0.614,0.039,0.290,0.028
1979,2,4.307,0.256,0.450,0.092,0.332,0.062,0.615,0.038,0.326,0.028
1979,3,0.447,0.208,0.364,0.094,0.357,0.065,0.619,0.038,0.345,0.028
1979,4,-2.679,0.222,0.497,0.096,0.464,0.067,0.593,0.039,0.338,0.028
1979,5,-0.286,0.335,0.390,0.099,0.548,0.069,0.583,0.040,0.343,0.027
1979,6,-1.279,0.274,0.629,0.091,0.639,0.070,0.586,0.039,0.342,0.028
1979,7,0.528,0.229,0.543,0.080,0.785,0.069,0.587,0.037,0.350,0.028
1979,8,0.475,0.295,0.025,0.078,0.792,0.068,0.603,0.039,0.360,0.027
1979,9,0.758,0.166,-0.248,0.070,0.705,0.068,0.595,0.039,0.360,0.027
1979,10,1.737,0.203,0.010,0.084,0.700,0.066,0.586,0.039,0.369,0.027
1979,11,0.181,0.296,0.187,0.084,0.681,0.067,0.577,0.039,0.363,0.027
1979,12,4.105,0.161,0.283,0.116,0.630,0.068,0.531,0.040,0.375,0.026
1980,1,-1.780,0.265,0.305,0.125,0.634,0.070,0.505,0.041,0.381,0.027
1980,2,-1.903,0.283,0.202,0.149,0.644,0.071,0.518,0.042,0.378,0.027
1980,3,-2.832,0.417,0.134,0.164,0.649,0.070,0.470,0.042,0.398,0.028
1980,4,0.419,0.421,0.057,0.184,0.675,0.070,0.453,0.041,0.395,0.028
1980,5,1.834,0.213,0.280,0.204,0.627,0.071,0.448,0.041,0.398,0.027
1980,6,-0.128,0.391,0.201,0.205,0.663,0.070,0.443,0.041,0.410,0.027
1980,7,0.792,0.130,0.616,0.209,0.742,0.069,0.429,0.043,0.409,0.027
1980,8,-0.761,0.475,1.039,0.199,0.863,0.070,0.429,0.045,0.409,0.027
1980,9,-0.055,0.191,1.550,0.184,0.879,0.072,0.422,0.046,0.411,0.027
1980,10,0.808,0.216,1.513,0.163,0.905,0.072,0.420,0.046,0.412,0.026
1980,11,2.856,0.225,1.267,0.146,0.904,0.071,0.433,0.045,0.416,0.027
1980,12,3.157,0.267,1.312,0.118,0.905,0.074,0.435,0.045,0.433,0.027
1981,1,3.203,0.348,1.311,0.113,0.926,0.070,0.422,0.046,0.437,0.027
1981,2,3.179,0.194,1.519,0.087,0.963,0.070,0.443,0.046,0.441,0.027
1981,3,3.293,0.233,1.568,0.086,0.917,0.069,0.467,0.045,0.438,0.028
1981,4,-0.021,0.203,1.576,0.078,0.938,0.070,0.473,0.042,0.448,0.028
1981,5,-1.115,0.202,1.409,0.073,0.958,0.071,0.463,0.043,0.457,0.028
1981,6,0.403,0.140,1.222,0.079,0.976,0.069,0.452,0.041,0.467,0.027
1981,7,0.787,0.204,1.162,0.071,1.018,0.068,0.460,0.038,0.468,0.027
1981,8,1.729,0.194,0.878,0.072,0.874,0.068,0.441,0.036,0.469,0.027
1981,9,0.541,0.222,0.407,0.067,0.890,0.068,0.455,0.036,0.463,0.026
1981,10,0.897,0.232,0.672,0.060,0.901,0.068,0.500,0.036,0.472,0.026
1981,11,0.849,0.169,0.845,0.063,0.913,0.068,0.527,0.037,0.464,0.026
1981,12,0.919,0.240,0.837,0.069,0.944,0.068,0.560,0.037,0.447,0.026
1982,1,2.478,0.238,0.796,0.071,0.963,0.070,0.635,0.037,0.493,0.027
1982,2,-0.224,0.144,0.656,0.069,0.976,0.071,0.671,0.036,0.522,0.028
1982,3,-2.355,0.201,0.661,0.062,0.957,0.072,0.632,0.036,0.528,0.027
1982,4,3.157,0.161,0.665,0.066,0.949,0.074,0.574,0.036,0.524,0.026
1982,5,0.961,0.247,0.643,0.082,0.928,0.079,0.565,0.036,0.520,0.025
1982,6,0.308,0.218,0.729,0.095,0.718,0.080,0.538,0.037,0.517,0.025
1982,7,0.288,0.217,0.994,0.095,0.765,0.078,0.543,0.039,0.522,0.026
1982,8,0.058,0.236,1.562,0.093,0.840,0.076,0.558,0.039,0.518,0.026
1982,9,0.598,0.183,1.981,0.102,0.832,0.069,0.553,0.041,0.516,0.026
1982,10,0.948,0.242,1.953,0.103,0.842,0.064,0.537,0.041,0.515,0.026
1982,11,0.577,0.394,1.754,0.106,0.795,0.061,0.478,0.041,0.515,0.026
1982,12,1.959,0.306,1.758,0.113,0.806,0.056,0.496,0.040,0.519,0.027
1983,1,5.653,0.266,1.901,0.111,0.792,0.056,0.506,0.041,0.541,0.027
1983,2,6.594,0.273,1.986,0.106,0.809,0.053,0.490,0.042,0.541,0.027
1983,3,2.667,0.285,1.857,0.107,0.813,0.052,0.477,0.042,0.537,0.026
1983,4,2.825,0.236,1.897,0.113,0.780,0.050,0.477,0.043,0.525,0.025
1983,5,-1.432,0.241,2.069,0.103,0.719,0.048,0.472,0.043,0.519,0.025
1983,6,0.356,0.244,2.101,0.111,0.684,0.046,0.488,0.045,0.517,0.025
1983,7,2.009,0.241,1.773,0.105,0.702,0.045,0.490,0.044,0.518,0.025
1983,8,1.079,0.197,0.863,0.108,0.641,0.044,0.507,0.043,0.520,0.024
1983,9,-0.946,0.228,0.759,0.105,0.573,0.041,0.501,0.043,0.520,0.024
1983,10,1.421,0.279,0.357,0.082,0.590,0.041,0.504,0.045,0.522,0.025
1983,11,2.642,0.278,0.514,0.076,0.606,0.042,0.510,0.046,0.477,0.025
1983,12,2.339,0.270,0.530,0.062,0.588,0.041,0.529,0.047,0.451,0.025
1984,1,1.727,0.291,0.502,0.068,0.577,0.039,0.561,0.047,0.469,0.025
1984,2,-4.332,0.406,0.516,0.072,0.551,0.038,0.537,0.047,0.471,0.026
1984,3,1.421,0.188,0.564,0.079,0.552,0.039,0.545,0.049,0.462,0.025
1984,4,-1.996,0.311,0.548,0.081,0.535,0.040,0.550,0.050,0.456,0.026
1984,5,0.442,0.215,0.240,0.074,0.506,0.042,0.546,0.049,0.451,0.026
1984,6,0.557,0.354,-0.661,0.080,0.482,0.047,0.558,0.050,0.457,0.026
1984,7,1.673,0.199,-0.720,0.074,0.484,0.047,0.568,0.051,0.445,0.026
1984,8,1.239,0.252,-0.143,0.065,0.551,0.048,0.571,0.051,0.448,0.027
1984,9,-0.364,0.182,-0.536,0.071,0.559,0.050,0.559,0.053,0.443,0.027
1984,10,1.233,0.252,-0.286,0.080,0.449,0.051,0.559,0.055,0.441,0.027
1984,11,-1.062,0.245,-0.405,0.078,0.449,0.050,0.565,0.057,0.453,0.028
1984,12,-8.473,0.326,-0.406,0.091,0.446,0.051,0.573,0.058,0.467,0.028
1985,1,1.024,0.210,-0.550,0.083,0.453,0.051,0.597,0.058,0.454,0.029
1985,2,2.584,0.176,-0.630,0.090,0.472,0.050,0.637,0.057,0.471,0.029
1985,3,-3.285,0.206,-0.584,0.081,0.456,0.052,0.701,0.056,0.472,0.030
1985,4,0.999,0.173,-0.786,0.088,0.398,0.053,0.706,0.055,0.477,0.030
1985,5,-0.980,0.218,-0.763,0.085,0.328,0.053,0.693,0.054,0.480,0.030
1985,6,0.540,0.244,0.030,0.072,0.329,0.054,0.710,0.051,0.480,0.030
1985,7,-0.059,0.182,0.302,0.077,0.269,0.054,0.698,0.050,0.478,0.031
1985,8,0.285,0.179,0.045,0.076,0.117,0.053,0.700,0.049,0.482,0.033
1985,9,0.184,0.235,0.251,0.070,0.074,0.052,0.708,0.048,0.480,0.033
1985,10,-1.188,0.303,0.253,0.074,0.048,0.049,0.706,0.048,0.489,0.033
1985,11,-0.781,0.234,0.321,0.077,0.041,0.050,0.693,0.048,0.516,0.033
1985,12,1.042,0.172,0.223,0.075,0.071,0.050,0.672,0.048,0.510,0.034
1986,1,4.279,0.267,0.237,0.080,0.054,0.052,0.667,0.046,0.474,0.034
1986,2,-0.490,0.172,0.228,0.084,0.052,0.051,0.638,0.046,0.486,0.034
1986,3,-0.815,0.251,0.261,0.086,0.085,0.053,0.599,0.045,0.489,0.034
1986,4,1.026,0.196,0.350,0.096,0.071,0.057,0.615,0.045,0.475,0.033
1986,5,-0.170,0.217,0.339,0.101,0.063,0.056,0.632,0.046,0.473,0.033
1986,6,-0.636,0.279,0.211,0.102,0.083,0.056,0.646,0.046,0.476,0.033
1986,7,0.112,0.207,0.072,0.115,0.105,0.056,0.647,0.045,0.484,0.033
1986,8,0.172,0.255,0.426,0.125,0.200,0.053,0.626,0.044,0.471,0.032
1986,9,0.587,0.217,0.339,0.120,0.200,0.053,0.628,0.044,0.475,0.033
1986,10,-0.120,0.211,-0.033,0.115,0.198,0.057,0.652,0.043,0.497,0.034
1986,11,-0.919,0.151,0.060,0.103,0.178,0.055,0.663,0.044,0.516,0.034
1986,12,-0.496,0.320,0.125,0.095,0.171,0.058,0.658,0.046,0.542,0.034
1987,1,2.610,0.279,0.173,0.087,0.172,0.056,0.680,0.046,0.579,0.034
1987,2,3.757,0.277,0.259,0.078,0.166,0.053,0.710,0.047,0.590,0.034
1987,3,-1.849,0.276,0.184,0.084,0.161,0.053,0.719,0.046,0.596,0.033
1987,4,-3.440,0.199,-0.018,0.092,0.170,0.057,0.694,0.045,0.598,0.034
1987,5,0.947,0.213,-0.243,0.102,0.203,0.058,0.673,0.045,0.593,0.034
1987,6,0.138,0.130,-0.036,0.104,0.427,0.059,0.660,0.045,0.586,0.034
1987,7,0.691,0.320,-0.080,0.103,0.430,0.059,0.652,0.045,0.585,0.034
1987,8,1.200,0.136,-0.607,0.105,0.434,0.061,0.638,0.044,0.589,0.035
1987,9,-0.315,0.232,-0.442,0.098,0.570,0.061,0.618,0.043,0.591,0.035
1987,10,-2.537,0.176,-0.052,0.088,0.570,0.062,0.612,0.043,0.618,0.035
1987,11,-3.618,0.189,-0.286,0.102,0.591,0.063,0.624,0.041,0.597,0.035
1987,12,1.986,0.223,-0.115,0.108,0.613,0.062,0.619,0.043,0.589,0.035
1988,1,2.078,0.249,-0.092,0.099,0.605,0.060,0.603,0.042,0.581,0.034
1988,2,-2.563,0.309,-0.115,0.096,0.590,0.059,0.565,0.042,0.591,0.034
1988,3,0.132,0.325,-0.000,0.087,0.604,0.060,0.547,0.042,0.581,0.035
1988,4,1.238,0.162,0.258,0.098,0.632,0.063,0.514,0.041,0.569,0.035
1988,5,-1.859,0.207,0.740,0.105,0.666,0.066,0.510,0.041,0.573,0.036
1988,6,2.184,0.171,0.868,0.103,0.660,0.066,0.506,0.040,0.583,0.036
1988,7,0.970,0.183,0.950,0.102,0.632,0.065,0.486,0.040,0.589,0.036
1988,8,0.925,0.235,1.278,0.104,0.634,0.064,0.479,0.040,0.606,0.036
1988,9,1.058,0.156,1.387,0.110,0.626,0.064,0.467,0.041,0.599,0.036
1988,10,0.558,0.274,1.107,0.121,0.640,0.066,0.456,0.041,0.606,0.036
1988,11,2.176,0.199,1.198,0.111,0.658,0.065,0.370,0.040,0.594,0.037
1988,12,3.524,0.197,1.030,0.113,0.704,0.066,0.329,0.039,0.598,0.036
1989,1,3.057,0.275,1.093,0.106,0.717,0.063,0.324,0.038,0.617,0.036
1989,2,1.367,0.214,1.088,0.098,0.701,0.061,0.328,0.036,0.627,0.035
1989,3,1.448,0.248,0.947,0.103,0.703,0.060,0.306,0.035,0.615,0.036
1989,4,-2.120,0.265,1.046,0.100,0.768,0.060,0.319,0.036,0.630,0.036
1989,5,-0.773,0.269,0.939,0.103,0.820,0.061,0.319,0.036,0.632,0.036
1989,6,0.163,0.228,1.062,0.097,0.833,0.061,0.328,0.037,0.632,0.037
1989,7,1.728,0.191,0.906,0.095,0.876,0.061,0.302,0.036,0.632,0.037
1989,8,0.874,0.151,1.029,0.096,0.870,0.061,0.293,0.036,0.640,0.038
1989,9,-0.639,0.199,1.313,0.093,0.879,0.058,0.290,0.035,0.638,0.038
1989,10,1.744,0.215,1.572,0.096,0.939,0.054,0.296,0.035,0.646,0.039
1989,11,0.891,0.202,1.661,0.100,0.898,0.056,0.329,0.035,0.639,0.039
1989,12,5.007,0.382,1.802,0.090,0.875,0.054,0.402,0.034,0.638,0.039
1990,1,1.185,0.247,1.612,0.090,0.851,0.052,0.403,0.034,0.659,0.039
1990,2,2.834,0.223,1.489,0.087,0.805,0.051,0.424,0.033,0.688,0.038
1990,3,4.865,0.244,1.626,0.085,0.779,0.047,0.474,0.034,0.711,0.038
1990,4,0.981,0.300,1.525,0.077,0.825,0.045,0.501,0.034,0.726,0.037
1990,5,0.296,0.275,1.554,0.072,0.919,0.044,0.511,0.034,0.714,0.037
1990,6,1.864,0.182,1.195,0.069,0.910,0.048,0.518,0.034,0.718,0.036
1990,7,-0.554,0.180,1.315,0.065,0.937,0.047,0.527,0.034,0.716,0.036
1990,8,-0.599,0.258,1.047,0.064,1.014,0.045,0.535,0.034,0.727,0.036
1990,9,1.002,0.413,0.532,0.062,1.020,0.046,0.538,0.035,0.727,0.036
1990,10,0.534,0.225,0.606,0.066,0.979,0.046,0.559,0.036,0.715,0.036
1990,11,1.232,0.304,0.658,0.072,0.978,0.046,0.599,0.036,0.694,0.036
1990,12,0.700,0.162,0.680,0.079,0.940,0.046,0.585,0.036,0.691,0.036
1991,1,2.621,0.225,0.798,0.084,0.919,0.044,0.526,0.035,0.685,0.036
1991,2,-0.372,0.189,0.783,0.082,0.906,0.043,0.528,0.036,0.681,0.036
1991,3,-1.316,0.285,0.760,0.068,0.850,0.043,0.511,0.036,0.691,0.036
1991,4,1.861,0.266,1.031,0.065,0.842,0.040,0.477,0.036,0.698,0.035
1991,5,0.927,0.176,1.109,0.063,0.678,0.042,0.483,0.036,0.714,0.035
1991,6,2.126,0.206,1.077,0.069,0.575,0.043,0.500,0.036,0.715,0.035
1991,7,0.857,0.240,1.287,0.065,0.544,0.045,0.507,0.037,0.707,0.035
1991,8,-0.779,0.253,1.602,0.068,0.456,0.045,0.501,0.038,0.702,0.034
1991,9,0.735,0.201,1.604,0.077,0.411,0.041,0.496,0.038,0.696,0.034
1991,10,3.777,0.147,1.463,0.079,0.440,0.040,0.495,0.039,0.692,0.034
1991,11,2.174,0.128,1.259,0.076,0.461,0.042,0.505,0.039,0.703,0.035
1991,12,0.312,0.276,0.978,0.071,0.484,0.040,0.524,0.039,0.695,0.035
1992,1,5.146,0.244,0.845,0.066,0.433,0.040,0.524,0.038,0.717,0.035
1992,2,3.408,0.233,0.781,0.076,0.420,0.041,0.508,0.039,0.754,0.035
1992,3,-1.293,0.354,0.561,0.086,0.419,0.040,0.559,0.037,0.796,0.035
1992,4,0.166,0.239,0.264,0.078,0.421,0.040,0.621,0.037,0.778,0.035
1992,5,-1.517,0.272,0.255,0.089,0.455,0.042,0.621,0.038,0.766,0.035
1992,6,-1.252,0.211,0.345,0.084,0.377,0.041,0.633,0.038,0.759,0.035
1992,7,-0.739,0.182,0.229,0.081,0.376,0.040,0.627,0.037,0.758,0.035
1992,8,-1.548,0.219,0.114,0.075,0.414,0.039,0.621,0.038,0.762,0.035
1992,9,-1.900,0.244,0.261,0.086,0.378,0.041,0.630,0.037,0.767,0.034
1992,10,0.217,0.253,0.148,0.080,0.433,0.040,0.700,0.036,0.770,0.034
1992,11,2.056,0.292,0.116,0.069,0.432,0.037,0.716,0.035,0.781,0.033
1992,12,1.398,0.371,0.210,0.067,0.422,0.038,0.683,0.036,0.750,0.033
1993,1,3.749,0.224,0.246,0.061,0.449,0.040,0.656,0.036,0.741,0.033
1993,2,2.037,0.240,0.390,0.065,0.480,0.045,0.693,0.036,0.719,0.032
1993,3,0.464,0.177,0.355,0.071,0.472,0.040,0.685,0.038,0.704,0.032
1993,4,-1.185,0.200,0.345,0.068,0.486,0.041,0.662,0.039,0.685,0.031
1993,5,-1.901,0.193,-0.466,0.076,0.533,0.043,0.674,0.040,0.692,0.031
1993,6,-0.124,0.270,-0.805,0.079,0.509,0.043,0.677,0.040,0.686,0.030
1993,7,-0.313,0.256,-1.018,0.089,0.419,0.041,0.689,0.040,0.672,0.030
1993,8,0.183,0.220,-1.514,0.081,0.422,0.042,0.706,0.040,0.677,0.031
1993,9,-2.322,0.174,-1.655,0.081,0.396,0.045,0.697,0.039,0.686,0.031
1993,10,0.098,0.180,-1.589,0.081,0.315,0.044,0.707,0.038,0.690,0.030
1993,11,-7.677,0.294,-1.392,0.081,0.307,0.045,0.677,0.039,0.679,0.029
1993,12,-2.664,0.278,-1.251,0.071,0.296,0.045,0.666,0.038,0.678,0.029
1994,1,1.193,0.273,-1.336,0.067,0.298,0.045,0.672,0.037,0.683,0.029
1994,2,-3.920,0.203,-1.343,0.073,0.301,0.049,0.718,0.037,0.727,0.028
1994,3,-1.226,0.185,-1.210,0.073,0.288,0.050,0.686,0.037,0.735,0.028
1994,4,-0.392,0.231,-1.060,0.075,0.221,0.053,0.710,0.037,0.743,0.028
1994,5,0.464,0.173,-0.175,0.070,0.191,0.053,0.718,0.038,0.748,0.028
1994,6,1.566,0.192,0.073,0.054,0.215,0.052,0.706,0.038,0.751,0.028
1994,7,-1.340,0.151,0.069,0.054,0.173,0.049,0.696,0.039,0.744,0.028
1994,8,0.099,0.201,0.821,0.058,0.147,0.047,0.709,0.039,0.741,0.028
1994,9,-0.721,0.197,1.147,0.069,0.240,0.047,0.716,0.040,0.748,0.028
1994,10,1.904,0.148,1.539,0.066,0.303,0.046,0.732,0.040,0.750,0.028
1994,11,2.941,0.204,1.516,0.066,0.345,0.046,0.714,0.040,0.770,0.027
1994,12,0.313,0.266,1.495,0.064,0.391,0.045,0.704,0.041,0.808,0.026
1995,1,1.136,0.265,1.696,0.068,0.403,0.045,0.720,0.040,0.810,0.027
1995,2,5.107,0.153,1.791,0.073,0.436,0.046,0.739,0.040,0.789,0.027
1995,3,2.688,0.241,1.895,0.077,0.482,0.047,0.720,0.041,0.821,0.027
1995,4,4.310,0.193,1.847,0.078,0.575,0.049,0.747,0.041,0.823,0.027
1995,5,0.194,0.269,1.940,0.072,0.513,0.049,0.735,0.040,0.834,0.027
1995,6,1.304,0.240,1.856,0.072,0.456,0.049,0.726,0.041,0.839,0.027
1995,7,1.074,0.192,1.527,0.067,0.375,0.052,0.734,0.042,0.844,0.027
1995,8,1.243,0.226,1.086,0.075,0.371,0.053,0.754,0.043,0.844,0.027
1995,9,0.523,0.229,0.621,0.078,0.351,0.055,0.745,0.041,0.850,0.027
1995,10,1.336,0.251,0.011,0.083,0.344,0.056,0.723,0.041,0.867,0.027
1995,11,4.054,0.194,0.036,0.081,0.369,0.057,0.695,0.042,0.881,0.027
1995,12,-0.696,0.171,0.049,0.080,0.414,0.054,0.710,0.044,0.884,0.028
1996,1,-2.815,0.210,0.040,0.084,0.459,0.053,0.704,0.045,0.844,0.027
1996,2,-0.185,0.278,-0.113,0.084,0.505,0.053,0.725,0.045,0.864,0.027
1996,3,-2.893,0.279,-0.159,0.081,0.545,0.051,0.782,0.045,0.890,0.027
1996,4,-3.002,0.224,-0.293,0.084,0.573,0.053,0.780,0.044,0.895,0.027
1996,5,0.495,0.216,-0.599,0.087,0.676,0.053,0.797,0.043,0.897,0.027
1996,6,1.455,0.217,-0.394,0.088,0.757,0.051,0.783,0.043,0.909,0.027
1996,7,0.959,0.204,0.058,0.089,0.801,0.050,0.767,0.043,0.904,0.028
1996,8,-0.593,0.220,0.228,0.079,0.981,0.050,0.778,0.045,0.909,0.028
1996,9,-0.019,0.208,0.825,0.075,0.960,0.051,0.764,0.045,0.909,0.028
1996,10,-0.275,0.200,1.407,0.085,0.980,0.051,0.731,0.045,0.918,0.028
1996,11,0.382,0.169,1.446,0.087,0.975,0.051,0.743,0.046,0.931,0.029
1996,12,1.764,0.199,1.454,0.088,0.928,0.052,0.733,0.045,0.946,0.028
1997,1,2.613,0.338,1.369,0.080,0.959,0.053,0.754,0.044,0.963,0.028
1997,2,1.845,0.206,1.455,0.078,0.999,0.052,0.799,0.045,0.967,0.028
1997,3,4.271,0.248,1.527,0.072,1.013,0.052,0.873,0.045,0.978,0.030
1997,4,3.982,0.242,2.033,0.072,1.044,0.053,0.861,0.044,1.002,0.030
1997,5,0.961,0.261,1.863,0.071,0.972,0.054,0.858,0.044,1.002,0.030
1997,6,1.562,0.235,1.551,0.071,1.030,0.055,0.858,0.043,1.002,0.031
1997,7,-0.070,0.291,1.237,0.080,1.064,0.054,0.864,0.043,1.001,0.031
1997,8,0.445,0.195,1.235,0.087,1.064,0.055,0.885,0.043,1.004,0.031
1997,9,0.841,0.212,0.817,0.101,1.062,0.054,0.916,0.043,1.011,0.032
1997,10,5.804,0.211,0.354,0.102,1.061,0.054,0.929,0.043,1.028,0.032
1997,11,-1.667,0.235,0.239,0.100,1.038,0.054,0.939,0.043,1.047,0.032
1997,12,-1.977,0.234,0.324,0.097,1.030,0.055,0.881,0.043,1.036,0.033
1998,1,-1.155,0.229,0.525,0.094,1.019,0.055,0.879,0.043,1.006,0.033
1998,2,1.823,0.261,0.735,0.092,1.028,0.055,0.873,0.042,1.020,0.034
1998,3,-0.744,0.277,0.672,0.089,1.018,0.053,0.861,0.042,1.054,0.034
1998,4,-1.575,0.193,0.335,0.091,0.961,0.052,0.856,0.041,1.058,0.034
1998,5,-0.415,0.242,0.349,0.097,0.857,0.052,0.875,0.041,1.074,0.035
1998,6,2.580,0.241,0.698,0.094,0.910,0.055,0.867,0.040,1.069,0.035
1998,7,2.343,0.220,1.115,0.087,0.988,0.058,0.857,0.040,1.074,0.035
1998,8,2.966,0.214,1.535,0.085,1.029,0.056,0.875,0.040,1.079,0.035
1998,9,0.083,0.203,1.391,0.083,1.168,0.052,0.905,0.040,1.070,0.035
1998,10,1.754,0.292,1.589,0.078,1.246,0.052,0.923,0.040,1.077,0.036
1998,11,-1.495,0.165,1.637,0.078,1.286,0.051,0.987,0.039,1.085,0.036
1998,12,2.214,0.280,1.316,0.084,1.270,0.051,1.028,0.039,1.075,0.037
1999,1,3.847,0.249,1.164,0.088,1.237,0.049,1.042,0.040,1.070,0.037
1999,2,6.860,0.278,1.125,0.084,1.254,0.049,1.126,0.041,1.074,0.037
1999,3,-2.467,0.253,1.132,0.086,1.240,0.049,1.163,0.041,1.083,0.038
1999,4,0.804,0.198,1.295,0.085,1.242,0.049,1.167,0.042,1.091,0.038
1999,5,0.156,0.224,1.306,0.091,1.296,0.050,1.178,0.041,1.093,0.038
1999,6,-1.273,0.212,1.441,0.091,1.250,0.052,1.174,0.041,1.094,0.040
1999,7,0.515,0.165,1.385,0.095,1.335,0.052,1.185,0.042,1.086,0.040
1999,8,2.499,0.168,1.239,0.099,1.451,0.054,1.190,0.042,1.081,0.041
1999,9,0.174,0.155,1.656,0.100,1.506,0.053,1.207,0.043,1.086,0.041
1999,10,3.709,0.198,1.942,0.097,1.420,0.054,1.205,0.044,1.088,0.041
1999,11,-1.364,0.193,1.831,0.096,1.372,0.054,1.212,0.044,1.091,0.041
1999,12,3.835,0.315,2.007,0.098,1.325,0.055,1.213,0.044,1.070,0.041
2000,1,3.172,0.260,1.996,0.099,1.325,0.055,1.217,0.044,1.063,0.041
2000,2,5.104,0.257,1.940,0.100,1.334,0.055,1.154,0.044,1.042,0.042
2000,3,2.544,0.290,1.915,0.092,1.351,0.056,1.169,0.044,1.028,0.043
2000,4,4.233,0.167,1.433,0.089,1.282,0.057,1.144,0.045,1.026,0.043
2000,5,-1.177,0.251,1.367,0.084,1.365,0.057,1.157,0.045,1.028,0.043
2000,6,0.836,0.242,1.255,0.089,1.307,0.058,1.159,0.047,1.031,0.044
2000,7,0.392,0.161,1.146,0.098,1.383,0.058,1.161,0.047,1.035,0.044
2000,8,1.819,0.193,0.907,0.092,1.375,0.057,1.152,0.049,1.049,0.045
2000,9,-0.118,0.213,1.150,0.081,1.372,0.058,1.162,0.050,1.049,0.045
2000,10,-2.075,0.181,0.936,0.076,1.367,0.056,1.175,0.050,1.055,0.045
2000,11,-2.158,0.185,1.276,0.072,1.381,0.057,1.163,0.052,1.071,0.045
2000,12,2.490,0.310,1.248,0.061,1.320,0.059,1.183,0.054,1.075,0.046
2001,1,1.864,0.371,1.130,0.061,1.256,0.062,1.162,0.053,1.055,0.046
2001,2,2.229,0.254,1.017,0.062,1.245,0.064,1.199,0.054,1.057,0.047
2001,3,5.465,0.319,0.952,0.067,1.265,0.065,1.270,0.054,1.062,0.048
2001,4,1.665,0.183,1.114,0.072,1.273,0.065,1.313,0.053,1.065,0.049
2001,5,2.908,0.157,1.594,0.079,1.298,0.065,1.311,0.054,1.064,0.050
2001,6,0.492,0.266,1.306,0.080,1.300,0.066,1.318,0.055,1.060,0.050
2001,7,-1.022,0.224,1.793,0.086,1.282,0.068,1.302,0.057,1.060,0.051
2001,8,0.457,0.191,2.338,0.107,1.272,0.066,1.316,0.059,1.066,0.051
2001,9,-0.896,0.271,2.515,0.110,1.367,0.066,1.322,0.061,1.070,0.050
2001,10,-0.129,0.221,2.277,0.109,1.355,0.067,1.341,0.062,1.064,0.051
2001,11,3.602,0.261,1.874,0.114,1.380,0.067,1.356,0.062,1.045,0.051
2001,12,-0.960,0.263,1.732,0.115,1.421,0.066,1.367,0.062,1.034,0.052
2002,1,7.708,0.404,1.811,0.117,1.411,0.068,1.402,0.062,1.006,0.052
2002,2,8.769,0.321,1.852,0.115,1.381,0.070,1.426,0.062,0.972,0.053
2002,3,7.582,0.289,2.081,0.115,1.400,0.073,1.397,0.063,0.982,0.054
2002,4,-1.187,0.215,2.235,0.105,1.366,0.077,1.382,0.065,1.007,0.054
2002,5,-1.925,0.189,2.211,0.103,1.451,0.078,1.383,0.066,1.022,0.055
2002,6,-1.218,0.174,1.832,0.104,1.395,0.081,1.370,0.067,1.038,0.055
2002,7,-0.065,0.250,1.474,0.096,1.370,0.082,1.376,0.068,1.050,0.056
2002,8,0.948,0.187,0.857,0.092,1.244,0.080,1.388,0.069,1.067,0.056
2002,9,1.852,0.296,0.147,0.094,1.275,0.080,1.393,0.070,1.078,0.057
2002,10,1.715,0.184,0.090,0.100,1.227,0.080,1.355,0.071,1.088,0.056
2002,11,3.310,0.233,0.286,0.099,1.276,0.082,1.379,0.072,1.083,0.057
2002,12,-5.500,0.244,0.296,0.097,1.289,0.083,1.388,0.072,1.055,0.057
2003,1,3.407,0.263,0.181,0.105,1.304,0.084,1.356,0.073,1.052,0.057
2003,2,1.368,0.283,0.292,0.106,1.276,0.086,1.348,0.073,1.057,0.057
2003,3,-0.942,0.199,0.242,0.094,1.306,0.088,1.423,0.073,1.078,0.058
2003,4,-1.874,0.204,0.289,0.101,1.389,0.090,1.454,0.074,1.094,0.058
2003,5,0.434,0.249,0.014,0.094,1.468,0.092,1.474,0.075,1.104,0.059
2003,6,-1.100,0.204,0.663,0.095,1.456,0.093,1.462,0.076,1.106,0.060
2003,7,-1.448,0.272,0.612,0.098,1.336,0.093,1.459,0.077,1.107,0.060
2003,8,2.283,0.187,1.020,0.103,1.370,0.094,1.452,0.077,1.108,0.060
2003,9,1.254,0.220,1.366,0.111,1.372,0.095,1.442,0.077,1.122,0.061
2003,10,2.277,0.208,1.529,0.116,1.380,0.095,1.446,0.077,1.128,0.061
2003,11,0.010,0.178,1.635,0.115,1.335,0.096,1.493,0.078,1.180,0.062
2003,12,2.286,0.274,1.823,0.116,1.367,0.099,1.483,0.079,1.204,0.062
2004,1,2.797,0.297,1.935,0.115,1.366,0.100,1.468,0.079,1.202,0.062
2004,2,6.258,0.223,1.803,0.115,1.379,0.101,1.429,0.079,1.204,0.062
2004,3,3.219,0.195,1.812,0.124,1.405,0.101,1.481,0.078,1.222,0.062
2004,4,0.080,0.202,1.760,0.138,1.441,0.102,1.472,0.078,1.222,0.063
2004,5,1.697,0.194,2.071,0.146,1.417,0.100,1.468,0.078,1.230,0.063
2004,6,1.165,0.246,1.920,0.145,1.483,0.098,1.483,0.079,1.231,0.064
2004,7,-0.104,0.258,1.823,0.141,1.469,0.097,1.476,0.080,1.231,0.065
2004,8,0.697,0.201,1.096,0.134,1.402,0.097,1.454,0.081,1.243,0.066
2004,9,1.359,0.221,1.199,0.122,1.289,0.100,1.456,0.082,1.243,0.066
2004,10,1.653,0.328,1.306,0.119,1.344,0.101,1.443,0.083,1.231,0.066
2004,11,3.748,0.290,1.308,0.126,1.394,0.102,1.468,0.082,1.214,0.066
2004,12,0.468,0.267,1.346,0.128,1.415,0.102,1.436,0.083,1.217,0.066
2005,1,1.640,0.327,1.462,0.122,1.427,0.102,1.406,0.083,1.224,0.066
2005,2,-2.468,0.234,1.414,0.121,1.443,0.102,1.344,0.084,1.220,0.066
2005,3,4.455,0.182,1.443,0.126,1.435,0.101,1.336,0.085,1.214,0.067
2005,4,1.359,0.234,1.546,0.123,1.428,0.103,1.306,0.086,1.200,0.068
2005,5,1.727,0.244,1.449,0.130,1.392,0.102,1.321,0.087,1.205,0.069
2005,6,1.613,0.251,1.560,0.134,1.470,0.100,1.336,0.088,1.212,0.070
2005,7,1.289,0.246,0.977,0.123,1.330,0.099,1.336,0.089,1.212,0.071
2005,8,0.131,0.188,1.539,0.117,1.322,0.100,1.344,0.090,1.208,0.072
2005,9,1.707,0.316,1.635,0.122,1.473,0.099,1.354,0.091,1.207,0.072
2005,10,2.883,0.290,1.697,0.125,1.542,0.100,1.386,0.091,1.203,0.072
2005,11,2.590,0.281,1.573,0.122,1.567,0.101,1.448,0.091,1.190,0.072
2005,12,1.794,0.301,1.637,0.127,1.604,0.102,1.440,0.092,1.216,0.073
2006,1,-5.350,0.235,1.442,0.125,1.661,0.099,1.407,0.093,1.240,0.072
2006,2,4.276,0.210,1.531,0.125,1.658,0.099,1.389,0.094,1.270,0.073
2006,3,5.600,0.181,1.448,0.121,1.619,0.099,1.343,0.095,1.310,0.073
2006,4,2.106,0.175,1.374,0.122,1.619,0.098,1.350,0.096,1.336,0.073
2006,5,0.240,0.291,1.338,0.115,1.687,0.099,1.332,0.097,1.335,0.074
2006,6,2.384,0.294,1.442,0.103,1.667,0.100,1.336,0.098,1.331,0.075
2006,7,-1.050,0.232,2.461,0.110,1.653,0.099,1.353,0.098,1.327,0.076
2006,8,1.196,0.260,2.499,0.119,1.586,0.100,1.355,0.098,1.339,0.077
2006,9,0.705,0.238,2.096,0.121,1.595,0.098,1.375,0.097,1.346,0.077
2006,10,2.003,0.256,2.099,0.127,1.588,0.097,1.396,0.097,1.338,0.077
2006,11,2.150,0.260,2.170,0.131,1.556,0.098,1.347,0.095,1.324,0.077
2006,12,3.042,0.303,1.974,0.128,1.544,0.099,1.336,0.095,1.322,0.077
2007,1,6.876,0.314,2.114,0.127,1.541,0.098,1.258,0.096,1.326,0.077
2007,2,4.735,0.297,2.174,0.124,1.526,0.099,1.145,0.096,1.323,0.078
2007,3,0.769,0.318,2.228,0.123,1.511,0.098,1.091,0.097,1.312,0.078
2007,4,2.140,0.249,2.172,0.120,1.520,0.096,1.153,0.098,1.299,0.079
2007,5,1.091,0.264,2.090,0.116,1.486,0.094,1.187,0.099,1.299,0.080
2007,6,0.028,0.229,1.767,0.117,1.476,0.093,1.218,0.100,1.297,0.081
2007,7,0.628,0.217,0.778,0.114,1.443,0.094,1.235,0.100,1.302,0.082
2007,8,1.916,0.166,0.455,0.121,1.444,0.096,1.249,0.101,1.309,0.083
2007,9,1.361,0.184,1.070,0.096,1.396,0.097,1.240,0.100,1.308,0.083
2007,10,1.332,0.237,1.079,0.094,1.384,0.100,1.248,0.100,1.286,0.083
2007,11,1.160,0.251,1.151,0.092,1.366,0.100,1.228,0.100,1.309,0.083
2007,12,-0.829,0.214,1.238,0.091,1.383,0.100,1.228,0.100,1.320,0.084
2008,1,-4.999,0.296,1.351,0.096,1.368,0.102,1.226,0.099,1.316,0.084
2008,2,0.864,0.248,1.369,0.097,1.413,0.102,1.242,0.100,1.315,0.084
2008,3,8.142,0.248,1.165,0.096,1.402,0.100,1.295,0.101,1.328,0.085
2008,4,2.252,0.227,1.245,0.086,1.384,0.100,1.332,0.101,1.336,0.085
2008,5,1.954,0.237,1.488,0.085,1.428,0.098,1.332,0.102,1.334,0.086
2008,6,1.081,0.253,1.648,0.097,1.423,0.097,1.346,0.103,1.323,0.087
2008,7,1.976,0.302,2.227,0.107,1.478,0.100,1.356,0.103,1.320,0.087
2008,8,2.128,0.203,2.341,0.116,1.407,0.100,1.341,0.103,1.310,0.088
2008,9,-1.079,0.212,1.975,0.117,1.313,0.101,1.338,0.103,1.310,0.088
2008,10,2.291,0.175,1.761,0.119,1.321,0.102,1.333,0.104,1.310,0.088
2008,11,4.074,0.234,1.580,0.112,1.329,0.103,1.373,0.104,1.312,0.088
2008,12,1.091,0.310,1.525,0.114,1.306,0.102,1.381,0.104,1.297,0.088
2009,1,1.951,0.201,1.335,0.120,1.340,0.101,1.363,0.104,1.295,0.088
2009,2,2.233,0.239,1.145,0.128,1.331,0.102,1.281,0.103,1.276,0.088
2009,3,3.751,0.267,1.269,0.132,1.345,0.100,1.281,0.103,1.309,0.088
2009,4,-0.321,0.249,1.262,0.146,1.351,0.098,1.277,0.104,1.311,0.089
2009,5,-0.219,0.265,1.063,0.136,1.277,0.098,1.283,0.104,1.312,0.089
2009,6,0.424,0.319,0.965,0.134,1.188,0.100,1.288,0.105,1.319,0.090
2009,7,-0.298,0.253,0.770,0.133,1.046,0.102,1.277,0.105,1.325,0.090
2009,8,-0.161,0.260,0.388,0.140,0.888,0.101,1.296,0.105,1.319,0.091
2009,9,0.412,0.210,0.206,0.139,0.894,0.101,1.278,0.105,1.316,0.091
2009,10,2.206,0.273,0.283,0.143,0.962,0.102,1.258,0.104,1.314,0.091
2009,11,1.689,0.166,0.356,0.145,0.979,0.102,1.216,0.104,1.311,0.091
2009,12,-0.091,0.247,0.539,0.145,1.022,0.104,1.221,0.103,1.311,0.091
2010,1,-0.380,0.232,0.599,0.153,1.044,0.103,1.231,0.103,1.323,0.091
2010,2,-2.360,0.261,0.847,0.148,1.055,0.106,1.285,0.103,1.335,0.091
2010,3,1.573,0.222,0.899,0.145,1.045,0.106,1.259,0.105,1.348,0.091
2010,4,0.602,0.206,0.867,0.138,1.067,0.104,1.255,0.106,1.343,0.091
2010,5,0.653,0.223,1.162,0.142,1.063,0.103,1.253,0.106,1.361,0.092
2010,6,2.621,0.263,1.292,0.142,0.986,0.105,1.264,0.107,1.361,0.093
2010,7,0.424,0.365,1.156,0.145,1.122,0.106,1.262,0.108,1.366,0.094
2010,8,2.819,0.216,1.352,0.137,1.161,0.108,1.265,0.108,1.362,0.094
2010,9,1.031,0.231,1.219,0.141,1.117,0.110,1.253,0.107,1.360,0.094
2010,10,1.828,0.244,1.383,0.136,1.122,0.111,1.231,0.106,1.373,0.094
2010,11,5.229,0.230,1.389,0.134,1.097,0.110,1.218,0.106,1.378,0.094
2010,12,1.467,0.262,1.253,0.132,1.088,0.112,1.249,0.106,1.352,0.093
2011,1,-2.017,0.332,1.301,0.121,1.052,0.113,1.319,0.107,NaN,NaN
2011,2,-0.003,0.221,1.121,0.122,1.025,0.113,1.341,0.106,NaN,NaN
2011,3,-0.031,0.264,1.163,0.116,1.057,0.113,1.349,0.107,NaN,NaN
2011,4,2.574,0.195,1.209,0.109,1.047,0.116,1.358,0.107,NaN,NaN
2011,5,0.725,0.262,0.582,0.112,1.058,0.116,1.359,0.107,NaN,NaN
2011,6,0.990,0.222,0.270,0.112,1.094,0.114,1.343,0.106,NaN,NaN
2011,7,1.000,0.278,0.298,0.112,1.073,0.115,1.353,0.106,NaN,NaN
2011,8,0.661,0.275,-0.099,0.114,0.976,0.113,1.362,0.107,NaN,NaN
2011,9,1.537,0.257,0.001,0.121,0.968,0.114,1.370,0.106,NaN,NaN
2011,10,2.378,0.179,0.304,0.114,0.965,0.116,1.335,0.105,NaN,NaN
2011,11,-2.296,0.221,0.420,0.112,1.009,0.116,1.292,0.104,NaN,NaN
2011,12,-2.274,0.304,0.552,0.117,1.032,0.117,1.276,0.105,NaN,NaN
2012,1,-1.685,0.275,0.632,0.111,1.014,0.118,1.249,0.105,NaN,NaN
2012,2,-4.762,0.231,0.794,0.116,1.066,0.119,1.220,0.105,NaN,NaN
2012,3,1.167,0.225,0.728,0.124,1.046,0.120,1.226,0.106,NaN,NaN
2012,4,6.200,0.185,0.752,0.122,0.996,0.119,1.216,0.107,NaN,NaN
2012,5,2.118,0.296,1.018,0.125,0.947,0.121,1.216,0.108,NaN,NaN
2012,6,2.582,0.247,0.756,0.129,0.966,0.120,1.224,0.109,NaN,NaN
2012,7,1.958,0.237,1.160,0.124,1.019,0.119,1.229,0.110,NaN,NaN
2012,8,2.599,0.271,1.824,0.134,1.126,0.117,1.229,0.111,NaN,NaN
2012,9,0.752,0.236,2.183,0.131,1.122,0.118,1.224,0.111,NaN,NaN
2012,10,2.665,0.193,1.882,0.125,1.127,0.117,1.218,0.110,NaN,NaN
2012,11,0.900,0.313,1.740,0.124,1.140,0.118,1.238,0.110,NaN,NaN
2012,12,-5.420,0.337,1.569,0.130,1.146,0.119,1.251,0.110,NaN,NaN
2013,1,3.154,0.278,1.391,0.134,1.156,0.120,1.276,0.111,NaN,NaN
2013,2,3.215,0.333,1.217,0.132,1.117,0.120,1.282,0.111,NaN,NaN
2013,3,5.472,0.316,1.228,0.129,1.104,0.120,1.233,0.111,NaN,NaN
2013,4,2.585,0.214,1.144,0.136,1.078,0.119,1.218,0.111,NaN,NaN
2013,5,0.415,0.268,1.465,0.144,1.007,0.121,1.194,0.111,NaN,NaN
2013,6,0.533,0.354,2.186,0.154,1.075,0.121,1.185,0.112,NaN,NaN
2013,7,-0.181,0.277,1.982,0.163,1.159,0.121,1.182,0.112,NaN,NaN
2013,8,0.514,0.240,1.412,0.166,1.274,0.119,1.168,0.113,NaN,NaN
2013,9,0.880,0.199,1.230,0.172,1.386,0.122,1.178,0.113,NaN,NaN
2013,10,1.658,0.253,0.975,0.174,1.396,0.121,1.175,0.113,NaN,NaN
2013,11,4.750,0.213,1.140,0.169,1.389,0.120,1.131,0.112,NaN,NaN
2013,12,3.233,0.412,1.249,0.167,1.380,0.120,1.111,0.111,NaN,NaN
2014,1,0.710,0.382,1.148,0.166,1.366,0.120,1.123,0.110,NaN,NaN
2014,2,-3.628,0.298,1.353,0.171,1.394,0.120,1.123,0.110,NaN,NaN
2014,3,3.296,0.237,1.211,0.174,1.396,0.120,1.137,0.110,NaN,NaN
2014,4,-0.485,0.245,1.008,0.178,1.319,0.120,1.150,0.110,NaN,NaN
2014,5,2.400,0.200,0.508,0.180,1.306,0.120,1.155,0.111,NaN,NaN
2014,6,1.840,0.339,0.325,0.164,1.364,0.122,1.156,0.112,NaN,NaN
2014,7,-1.393,0.307,0.499,0.160,1.453,0.122,1.174,0.112,NaN,NaN
2014,8,2.968,0.322,1.142,0.164,1.553,0.125,1.184,0.111,NaN,NaN
2014,9,-0.823,0.217,0.979,0.159,1.558,0.125,1.176,0.111,NaN,NaN
2014,10,-0.780,0.231,1.093,0.158,1.471,0.127,1.184,0.109,NaN,NaN
2014,11,-1.247,0.259,1.013,0.161,1.452,0.128,1.154,0.109,NaN,NaN
2014,12,1.039,0.308,1.106,0.160,1.426,0.129,1.185,0.107,NaN,NaN
2015,1,2.796,0.351,1.306,0.168,1.414,0.131,1.240,0.106,NaN,NaN
2015,2,4.094,0.242,1.098,0.161,1.403,0.132,1.326,0.104,NaN,NaN
2015,3,1.333,0.282,1.192,0.155,1.403,0.132,1.360,0.104,NaN,NaN
2015,4,0.888,0.336,1.279,0.150,1.368,0.131,1.381,0.103,NaN,NaN
2015,5,1.443,0.301,1.462,0.151,1.414,0.134,1.401,0.103,NaN,NaN
2015,6,2.952,0.316,1.836,0.161,1.515,0.133,1.386,0.104,NaN,NaN
2015,7,1.013,0.363,1.856,0.159,1.431,0.130,1.395,0.104,NaN,NaN
2015,8,0.472,0.236,2.092,0.148,1.403,0.128,1.380,0.104,NaN,NaN
2015,9,0.298,0.254,2.536,0.163,1.349,0.127,1.366,0.104,NaN,NaN
2015,10,0.266,0.218,2.726,0.163,1.313,0.125,1.360,0.104,NaN,NaN
2015,11,0.945,0.385,2.631,0.157,1.291,0.125,1.308,0.103,NaN,NaN
2015,12,5.535,0.485,2.424,0.148,1.282,0.124,1.264,0.100,NaN,NaN
2016,1,3.034,0.333,2.351,0.138,1.312,0.124,NaN,NaN,NaN,NaN
2016,2,6.923,0.295,2.507,0.137,1.312,0.126,NaN,NaN,NaN,NaN
2016,3,6.656,0.302,2.621,0.138,1.299,0.126,NaN,NaN,NaN,NaN
2016,4,3.172,0.165,2.414,0.139,1.302,0.123,NaN,NaN,NaN,NaN
2016,5,0.306,0.269,2.078,0.124,1.204,0.122,NaN,NaN,NaN,NaN
2016,6,0.467,0.263,1.718,0.115,1.128,0.118,NaN,NaN,NaN,NaN
2016,7,0.132,0.244,1.769,0.111,1.172,0.115,NaN,NaN,NaN,NaN
2016,8,2.344,0.204,1.297,0.124,1.270,0.115,NaN,NaN,NaN,NaN
2016,9,1.674,0.201,0.862,0.113,1.306,0.113,NaN,NaN,NaN,NaN
2016,10,-2.223,0.290,0.680,0.126,1.334,0.113,NaN,NaN,NaN,NaN
2016,11,-3.083,0.308,0.737,0.136,1.302,0.115,NaN,NaN,NaN,NaN
2016,12,1.208,0.400,0.784,0.150,1.279,0.114,NaN,NaN,NaN,NaN
2017,1,3.649,0.350,0.873,0.165,1.334,0.114,NaN,NaN,NaN,NaN
2017,2,1.259,0.355,0.839,0.172,1.301,0.111,NaN,NaN,NaN,NaN
2017,3,1.435,0.232,0.765,0.176,1.306,0.110,NaN,NaN,NaN,NaN
2017,4,0.992,0.350,0.996,0.175,1.372,0.107,NaN,NaN,NaN,NaN
2017,5,0.991,0.259,1.558,0.176,1.362,0.104,NaN,NaN,NaN,NaN
2017,6,1.029,0.349,1.511,0.156,1.405,0.102,NaN,NaN,NaN,NaN
2017,7,1.201,0.312,1.048,0.143,1.461,0.098,NaN,NaN,NaN,NaN
2017,8,1.938,0.294,1.070,0.130,1.525,0.096,NaN,NaN,NaN,NaN
2017,9,0.778,0.212,1.140,0.131,1.598,0.095,NaN,NaN,NaN,NaN
2017,10,0.559,0.258,1.093,0.117,1.634,0.094,NaN,NaN,NaN,NaN
2017,11,3.650,0.228,0.936,0.113,1.661,0.094,NaN,NaN,NaN,NaN
2017,12,0.652,0.213,0.845,0.109,1.625,0.095,NaN,NaN,NaN,NaN
2018,1,-1.914,0.315,0.882,0.106,1.635,0.094,NaN,NaN,NaN,NaN
2018,2,1.530,0.214,0.764,0.108,1.643,0.095,NaN,NaN,NaN,NaN
2018,3,2.269,0.264,0.706,0.109,1.628,0.096,NaN,NaN,NaN,NaN
2018,4,0.432,0.193,0.814,0.105,1.642,0.095,NaN,NaN,NaN,NaN
2018,5,-0.899,0.345,0.413,0.102,1.608,0.092,NaN,NaN,NaN,NaN
2018,6,-0.056,0.358,0.248,0.105,1.453,0.083,NaN,NaN,NaN,NaN
2018,7,1.649,0.285,0.690,0.112,NaN,NaN,NaN,NaN,NaN,NaN
2018,8,0.511,0.349,0.749,0.128,NaN,NaN,NaN,NaN,NaN,NaN
2018,9,0.092,0.220,1.013,0.126,NaN,NaN,NaN,NaN,NaN,NaN
2018,10,1.849,0.206,1.080,0.132,NaN,NaN,NaN,NaN,NaN,NaN
2018,11,-1.160,0.181,1.194,0.128,NaN,NaN,NaN,NaN,NaN,NaN
2018,12,-1.323,0.244,1.237,0.125,NaN,NaN,NaN,NaN,NaN,NaN
2019,1,3.388,0.206,1.258,0.125,NaN,NaN,NaN,NaN,NaN,NaN
2019,2,2.228,0.300,1.298,0.113,NaN,NaN,NaN,NaN,NaN,NaN
2019,3,5.438,0.294,1.244,0.111,NaN,NaN,NaN,NaN,NaN,NaN
2019,4,1.240,0.197,1.357,0.122,NaN,NaN,NaN,NaN,NaN,NaN
2019,5,0.465,0.300,1.297,0.126,NaN,NaN,NaN,NaN,NaN,NaN
2019,6,0.461,0.308,1.709,0.126,NaN,NaN,NaN,NaN,NaN,NaN
2019,7,1.901,0.241,1.943,0.122,NaN,NaN,NaN,NaN,NaN,NaN
2019,8,0.990,0.210,2.417,0.112,NaN,NaN,NaN,NaN,NaN,NaN
2019,9,-0.553,0.229,2.439,0.109,NaN,NaN,NaN,NaN,NaN,NaN
2019,10,3.212,0.203,2.592,0.101,NaN,NaN,NaN,NaN,NaN,NaN
2019,11,-1.880,0.173,2.808,0.090,NaN,NaN,NaN,NaN,NaN,NaN
2019,12,3.617,0.264,2.838,0.095,NaN,NaN,NaN,NaN,NaN,NaN
2020,1,6.190,0.348,2.812,0.102,NaN,NaN,NaN,NaN,NaN,NaN
2020,2,7.921,0.230,2.810,0.108,NaN,NaN,NaN,NaN,NaN,NaN
2020,3,5.699,0.230,2.804,0.103,NaN,NaN,NaN,NaN,NaN,NaN
2020,4,3.075,0.166,2.626,0.104,NaN,NaN,NaN,NaN,NaN,NaN
2020,5,3.059,0.300,2.695,0.103,NaN,NaN,NaN,NaN,NaN,NaN
2020,6,0.820,0.359,2.079,0.090,NaN,NaN,NaN,NaN,NaN,NaN
2020,7,1.598,0.330,NaN,NaN,NaN,NaN,NaN,NaN,NaN,NaN
2020,8,0.966,0.272,NaN,NaN,NaN,NaN,NaN,NaN,NaN,NaN
2020,9,-0.627,0.199,NaN,NaN,NaN,NaN,NaN,NaN,NaN,NaN
2020,10,1.076,0.163,NaN,NaN,NaN,NaN,NaN,NaN,NaN,NaN
2020,11,-1.053,0.214,NaN,NaN,NaN,NaN,NaN,NaN,NaN,NaN
2020,12,-3.773,0.513,NaN,NaN,NaN,NaN,NaN,NaN,NaN,NaN
