1965,1,-0.780,0.185,-0.276,0.116,-0.051,0.070,-0.007,0.060,-0.013,0.048
1965,2,-0.160,0.122,-0.285,0.115,-0.043,0.065,-0.005,0.060,-0.012,0.048
1965,3,-0.364,0.166,-0.273,0.090,-0.043,0.060,-0.002,0.061,-0.011,0.047
1965,4,-0.320,0.214,-0.244,0.093,-0.045,0.059,-0.001,0.061,-0.009,0.047
1965,5,-0.257,0.296,-0.190,0.099,-0.046,0.059,-0.001,0.062,-0.009,0.047
1965,6,-0.045,0.374,-0.139,0.101,-0.046,0.061,-0.001,0.063,-0.009,0.047
1965,7,-0.065,0.312,-0.043,0.104,-0.034,0.063,-0.000,0.062,-0.009,0.046
1965,8,-0.198,0.168,0.006,0.110,-0.025,0.063,-0.004,0.062,-0.006,0.045
1965,9,-0.044,0.243,0.067,0.125,-0.019,0.064,-0.004,0.062,-0.005,0.045
1965,10,0.083,0.319,0.118,0.125,-0.022,0.060,-0.006,0.061,-0.006,0.044
1965,11,0.327,0.308,0.153,0.130,-0.024,0.060,-0.005,0.060,-0.006,0.044
1965,12,0.157,0.234,0.139,0.134,-0.027,0.059,-0.006,0.060,-0.006,0.044
1966,1,0.376,0.218,0.140,0.102,-0.029,0.056,-0.008,0.059,-0.006,0.044
1966,2,0.417,0.161,0.154,0.095,-0.024,0.056,-0.012,0.059,-0.007,0.044
1966,3,0.371,0.249,0.176,0.098,-0.025,0.053,-0.016,0.058,-0.006,0.044
1966,4,0.300,0.259,0.161,0.077,-0.025,0.048,-0.017,0.057,-0.006,0.044
1966,5,0.160,0.273,0.140,0.062,-0.029,0.048,-0.018,0.057,-0.005,0.045
1966,6,-0.221,0.318,0.142,0.046,-0.031,0.048,-0.017,0.055,-0.005,0.044
1966,7,-0.047,0.232,0.101,0.041,-0.035,0.049,-0.018,0.054,-0.004,0.045
1966,8,-0.031,0.194,0.047,0.055,-0.036,0.049,-0.022,0.053,-0.002,0.045
1966,9,0.217,0.276,-0.008,0.072,-0.030,0.050,-0.021,0.052,-0.000,0.045
1966,10,-0.095,0.112,-0.056,0.075,-0.025,0.049,-0.020,0.050,0.001,0.045
1966,11,0.070,0.189,-0.090,0.064,-0.018,0.048,-0.023,0.050,0.001,0.044
1966,12,0.189,0.118,-0.079,0.056,-0.010,0.048,-0.025,0.050,0.004,0.044
1967,1,-0.114,0.190,-0.073,0.060,-0.003,0.048,-0.027,0.051,0.005,0.043
1967,2,-0.241,0.254,-0.061,0.062,-0.004,0.048,-0.023,0.050,0.004,0.044
1967,3,-0.284,0.233,-0.081,0.050,0.004,0.047,-0.023,0.048,0.004,0.044
1967,4,-0.275,0.197,-0.086,0.057,0.011,0.046,-0.023,0.047,0.006,0.043
1967,5,-0.247,0.235,-0.104,0.057,0.015,0.048,-0.024,0.047,0.007,0.043
1967,6,-0.092,0.166,-0.132,0.068,0.023,0.049,-0.022,0.044,0.006,0.043
1967,7,0.024,0.301,-0.142,0.078,0.040,0.049,-0.016,0.044,0.006,0.044
1967,8,0.120,0.271,-0.141,0.085,0.046,0.050,-0.011,0.043,0.005,0.044
1967,9,-0.033,0.196,-0.122,0.103,0.060,0.051,-0.008,0.042,0.007,0.045
1967,10,-0.147,0.173,-0.110,0.107,0.069,0.050,-0.004,0.043,0.007,0.046
1967,11,-0.146,0.126,-0.099,0.094,0.075,0.053,0.001,0.044,0.007,0.046
1967,12,-0.150,0.131,-0.087,0.088,0.078,0.055,0.007,0.044,0.007,0.047
1968,1,-0.236,0.289,-0.080,0.089,0.079,0.051,0.020,0.044,0.006,0.046
1968,2,-0.227,0.223,-0.071,0.074,0.083,0.051,0.033,0.044,0.006,0.046
1968,3,-0.054,0.316,-0.046,0.071,0.083,0.050,0.040,0.045,0.006,0.047
1968,4,-0.131,0.227,-0.032,0.064,0.082,0.049,0.043,0.044,0.004,0.047
1968,5,-0.115,0.149,-0.008,0.066,0.077,0.046,0.042,0.044,0.004,0.047
1968,6,0.054,0.171,0.017,0.060,0.075,0.047,0.042,0.043,0.003,0.047
1968,7,0.101,0.144,0.078,0.055,0.062,0.046,0.043,0.043,0.000,0.046
1968,8,0.230,0.135,0.124,0.058,0.047,0.048,0.044,0.044,0.002,0.046
1968,9,0.270,0.307,0.162,0.076,0.035,0.049,0.040,0.043,0.001,0.046
1968,10,0.018,0.174,0.211,0.071,0.027,0.050,0.041,0.042,0.000,0.046
1968,11,0.138,0.106,0.255,0.078,0.024,0.053,0.038,0.042,0.001,0.046
1968,12,0.153,0.124,0.274,0.088,0.025,0.053,0.032,0.041,0.001,0.047
1969,1,0.503,0.174,0.272,0.088,0.025,0.056,0.021,0.041,0.001,0.047
1969,2,0.323,0.176,0.244,0.100,0.018,0.054,0.014,0.040,0.001,0.046
1969,3,0.401,0.267,0.246,0.091,0.013,0.052,0.010,0.039,0.002,0.046
1969,4,0.460,0.180,0.258,0.091,0.013,0.054,0.006,0.039,0.004,0.045
1969,5,0.407,0.183,0.239,0.097,0.007,0.056,0.004,0.039,0.006,0.045
1969,6,0.279,0.155,0.225,0.108,-0.002,0.058,0.004,0.038,0.007,0.044
1969,7,0.085,0.191,0.205,0.105,-0.007,0.061,0.004,0.038,0.007,0.044
1969,8,-0.113,0.297,0.197,0.104,-0.002,0.064,0.007,0.039,0.009,0.043
1969,9,0.303,0.243,0.202,0.099,-0.003,0.063,0.006,0.038,0.009,0.043
1969,10,0.161,0.163,0.179,0.090,-0.002,0.063,0.008,0.037,0.009,0.043
1969,11,-0.088,0.178,0.157,0.092,0.003,0.063,0.011,0.038,0.010,0.043
1969,12,-0.026,0.171,0.144,0.089,0.006,0.064,0.015,0.038,0.009,0.043
1970,1,0.272,0.097,0.138,0.086,0.019,0.065,0.023,0.036,0.009,0.042
1970,2,0.220,0.166,0.151,0.090,0.022,0.065,0.024,0.036,0.010,0.042
1970,3,0.460,0.243,0.121,0.082,0.026,0.062,0.025,0.035,0.011,0.042
1970,4,0.189,0.325,0.108,0.084,0.036,0.065,0.029,0.034,0.011,0.042
1970,5,0.145,0.240,0.117,0.077,0.047,0.068,0.030,0.033,0.011,0.042
1970,6,0.121,0.267,0.122,0.078,0.060,0.068,0.028,0.034,0.012,0.043
1970,7,0.011,0.167,0.065,0.076,0.074,0.068,0.025,0.033,0.013,0.042
1970,8,0.042,0.190,0.006,0.087,0.091,0.069,0.028,0.032,0.011,0.043
1970,9,-0.053,0.191,-0.061,0.083,0.099,0.072,0.026,0.032,0.012,0.044
1970,10,0.005,0.187,-0.091,0.086,0.107,0.071,0.024,0.032,0.012,0.043
1970,11,0.013,0.229,-0.105,0.091,0.109,0.072,0.019,0.032,0.013,0.043
1970,12,0.039,0.127,-0.127,0.101,0.112,0.073,0.015,0.032,0.012,0.042
1971,1,-0.408,0.160,-0.131,0.107,0.115,0.074,0.007,0.031,0.012,0.041
1971,2,-0.487,0.282,-0.175,0.098,0.112,0.073,0.001,0.031,0.012,0.041
1971,3,-0.349,0.175,-0.173,0.097,0.104,0.068,-0.003,0.031,0.013,0.041
1971,4,-0.169,0.227,-0.185,0.095,0.107,0.066,-0.007,0.030,0.014,0.041
1971,5,-0.026,0.303,-0.211,0.102,0.104,0.065,-0.010,0.032,0.014,0.040
1971,6,-0.145,0.170,-0.240,0.102,0.094,0.065,-0.010,0.031,0.017,0.040
1971,7,-0.035,0.241,-0.243,0.111,0.076,0.064,-0.010,0.031,0.018,0.039
1971,8,-0.487,0.154,-0.197,0.089,0.064,0.062,-0.009,0.030,0.021,0.039
1971,9,-0.027,0.247,-0.194,0.069,0.049,0.059,-0.010,0.031,0.021,0.039
1971,10,-0.141,0.159,-0.198,0.064,0.037,0.056,-0.010,0.030,0.023,0.038
1971,11,-0.299,0.155,-0.191,0.066,0.026,0.055,-0.011,0.030,0.023,0.037
1971,12,-0.303,0.163,-0.173,0.070,0.018,0.053,-0.012,0.031,0.023,0.037
1972,1,-0.445,0.261,-0.102,0.073,0.012,0.054,-0.010,0.031,0.024,0.037
1972,2,0.066,0.223,-0.038,0.072,0.017,0.050,-0.012,0.033,0.026,0.037
1972,3,-0.311,0.242,-0.018,0.077,0.008,0.044,-0.010,0.034,0.028,0.036
1972,4,-0.220,0.141,0.030,0.088,0.004,0.042,-0.006,0.032,0.029,0.036
1972,5,0.053,0.230,0.100,0.094,0.006,0.041,-0.003,0.031,0.029,0.035
1972,6,0.078,0.309,0.178,0.095,0.007,0.039,-0.001,0.033,0.030,0.035
1972,7,0.814,0.332,0.263,0.094,0.006,0.037,0.001,0.033,0.030,0.035
1972,8,0.278,0.231,0.326,0.104,0.001,0.034,-0.000,0.035,0.032,0.035
1972,9,0.214,0.338,0.385,0.110,-0.009,0.034,0.004,0.036,0.033,0.034
1972,10,0.441,0.305,0.433,0.110,-0.010,0.035,0.006,0.037,0.033,0.034
1972,11,0.531,0.315,0.428,0.107,-0.016,0.033,0.009,0.037,0.035,0.034
1972,12,0.642,0.189,0.444,0.115,-0.023,0.038,0.013,0.039,0.038,0.034
1973,1,0.570,0.102,0.396,0.103,-0.030,0.039,0.017,0.040,0.045,0.033
1973,2,0.820,0.210,0.379,0.080,-0.028,0.041,0.022,0.043,0.052,0.033
1973,3,0.397,0.124,0.346,0.067,-0.032,0.043,0.027,0.044,0.059,0.033
1973,4,0.359,0.332,0.323,0.059,-0.034,0.043,0.029,0.044,0.063,0.033
1973,5,-0.011,0.227,0.275,0.053,-0.038,0.042,0.032,0.045,0.065,0.032
1973,6,0.272,0.195,0.183,0.046,-0.044,0.042,0.033,0.045,0.067,0.032
1973,7,0.244,0.242,0.091,0.049,-0.048,0.042,0.032,0.047,0.067,0.031
1973,8,0.072,0.310,-0.015,0.054,-0.045,0.043,0.032,0.047,0.069,0.031
1973,9,-0.190,0.170,-0.085,0.065,-0.040,0.043,0.030,0.048,0.069,0.030
1973,10,0.174,0.229,-0.137,0.086,-0.041,0.042,0.030,0.047,0.070,0.030
1973,11,-0.051,0.202,-0.159,0.100,-0.043,0.047,0.028,0.047,0.070,0.029
1973,12,-0.459,0.132,-0.199,0.105,-0.045,0.049,0.028,0.048,0.067,0.029
1974,1,-0.540,0.212,-0.242,0.094,-0.044,0.050,0.026,0.048,0.063,0.028
1974,2,-0.444,0.133,-0.231,0.094,-0.036,0.050,0.028,0.047,0.060,0.028
1974,3,-0.443,0.279,-0.237,0.100,-0.033,0.048,0.028,0.048,0.060,0.028
1974,4,-0.267,0.263,-0.257,0.104,-0.032,0.048,0.026,0.048,0.059,0.029
1974,5,-0.274,0.165,-0.249,0.098,-0.028,0.048,0.026,0.049,0.058,0.029
1974,6,-0.209,0.171,-0.209,0.105,-0.022,0.048,0.024,0.047,0.059,0.028
1974,7,-0.269,0.177,-0.147,0.117,-0.012,0.049,0.023,0.048,0.060,0.028
1974,8,0.202,0.236,-0.115,0.124,-0.021,0.053,0.027,0.046,0.061,0.028
1974,9,-0.267,0.236,-0.093,0.102,-0.018,0.054,0.024,0.046,0.061,0.028
1974,10,-0.057,0.132,-0.060,0.095,-0.011,0.056,0.024,0.047,0.063,0.028
1974,11,0.041,0.160,-0.053,0.096,-0.009,0.056,0.025,0.046,0.065,0.028
1974,12,0.025,0.206,-0.059,0.096,-0.008,0.058,0.025,0.045,0.067,0.027
1975,1,0.201,0.255,-0.070,0.099,-0.018,0.059,0.025,0.044,0.071,0.027
1975,2,-0.060,0.221,-0.074,0.106,-0.023,0.060,0.026,0.044,0.075,0.027
1975,3,-0.182,0.187,-0.078,0.112,-0.018,0.058,0.023,0.045,0.077,0.027
1975,4,0.134,0.241,-0.080,0.113,-0.023,0.060,0.023,0.047,0.078,0.027
1975,5,-0.198,0.287,-0.104,0.110,-0.030,0.061,0.024,0.048,0.080,0.026
1975,6,-0.273,0.326,-0.134,0.103,-0.035,0.061,0.024,0.050,0.082,0.027
1975,7,-0.404,0.236,-0.202,0.092,-0.040,0.061,0.027,0.050,0.081,0.027
1975,8,0.156,0.383,-0.224,0.088,-0.047,0.062,0.026,0.053,0.082,0.028
1975,9,-0.316,0.244,-0.215,0.087,-0.045,0.062,0.028,0.052,0.082,0.027
1975,10,-0.084,0.174,-0.243,0.087,-0.049,0.062,0.029,0.052,0.082,0.027
1975,11,-0.249,0.145,-0.239,0.098,-0.045,0.065,0.030,0.051,0.081,0.026
1975,12,-0.333,0.123,-0.241,0.110,-0.047,0.065,0.030,0.051,0.081,0.026
1976,1,-0.621,0.225,-0.204,0.116,-0.050,0.068,0.031,0.051,0.079,0.027
1976,2,-0.314,0.159,-0.215,0.144,-0.047,0.069,0.037,0.051,0.078,0.027
1976,3,-0.074,0.222,-0.177,0.150,-0.045,0.071,0.042,0.050,0.076,0.026
1976,4,-0.208,0.239,-0.177,0.130,-0.047,0.071,0.044,0.050,0.075,0.026
1976,5,-0.147,0.345,-0.163,0.126,-0.049,0.069,0.046,0.050,0.076,0.027
1976,6,-0.299,0.298,-0.129,0.132,-0.038,0.069,0.051,0.050,0.078,0.027
1976,7,0.036,0.542,-0.066,0.128,-0.024,0.069,0.053,0.050,0.080,0.027
1976,8,0.029,0.537,-0.078,0.146,-0.008,0.069,0.063,0.049,0.082,0.027
1976,9,0.135,0.123,-0.084,0.153,0.006,0.069,0.064,0.049,0.082,0.028
1976,10,-0.083,0.232,-0.050,0.143,0.014,0.071,0.066,0.048,0.083,0.028
1976,11,-0.079,0.188,-0.022,0.149,0.025,0.073,0.069,0.048,0.082,0.028
1976,12,0.072,0.197,0.012,0.147,0.031,0.070,0.070,0.048,0.083,0.028
1977,1,0.138,0.173,0.029,0.110,0.035,0.069,0.074,0.047,0.084,0.027
1977,2,-0.454,0.230,0.027,0.089,0.037,0.070,0.075,0.048,0.086,0.028
1977,3,-0.148,0.235,0.056,0.094,0.041,0.071,0.079,0.048,0.090,0.028
1977,4,0.200,0.156,0.074,0.117,0.044,0.071,0.081,0.048,0.093,0.027
1977,5,0.189,0.467,0.093,0.125,0.043,0.068,0.081,0.047,0.095,0.028
1977,6,0.110,0.213,0.116,0.131,0.043,0.067,0.082,0.049,0.099,0.029
1977,7,0.240,0.229,0.127,0.136,0.044,0.065,0.076,0.050,0.102,0.029
1977,8,0.005,0.281,0.195,0.126,0.050,0.068,0.074,0.051,0.103,0.029
1977,9,0.479,0.171,0.250,0.123,0.056,0.070,0.074,0.049,0.105,0.029
1977,10,0.137,0.239,0.243,0.130,0.056,0.071,0.071,0.049,0.108,0.030
1977,11,0.153,0.161,0.250,0.124,0.064,0.073,0.070,0.049,0.112,0.029
1977,12,0.338,0.239,0.252,0.117,0.071,0.075,0.069,0.049,0.114,0.030
1978,1,0.269,0.128,0.235,0.121,0.084,0.075,0.069,0.048,0.119,0.031
1978,2,0.374,0.246,0.256,0.110,0.079,0.082,0.071,0.048,0.123,0.031
1978,3,0.511,0.103,0.212,0.113,0.088,0.082,0.078,0.047,0.126,0.032
1978,4,0.110,0.142,0.204,0.108,0.092,0.081,0.083,0.046,0.129,0.031
1978,5,0.277,0.159,0.179,0.109,0.099,0.080,0.089,0.046,0.131,0.031
1978,6,0.125,0.168,0.168,0.110,0.103,0.078,0.091,0.046,0.133,0.032
1978,7,0.038,0.374,0.169,0.112,0.109,0.077,0.092,0.046,0.133,0.032
1978,8,0.262,0.127,0.178,0.095,0.118,0.076,0.095,0.046,0.133,0.032
1978,9,-0.049,0.198,0.171,0.099,0.125,0.075,0.098,0.047,0.132,0.031
1978,10,0.034,0.181,0.181,0.093,0.129,0.073,0.099,0.047,0.134,0.031
1978,11,-0.137,0.229,0.190,0.103,0.135,0.071,0.102,0.045,0.133,0.031
1978,12,0.199,0.183,0.190,0.099,0.148,0.070,0.103,0.044,0.131,0.031
1979,1,0.280,0.152,0.185,0.090,0.151,0.064,0.106,0.043,0.131,0.031
1979,2,0.489,0.110,0.193,0.081,0.162,0.058,0.107,0.043,0.129,0.030
1979,3,0.421,0.148,0.193,0.082,0.160,0.060,0.110,0.043,0.127,0.031
1979,4,0.234,0.236,0.200,0.090,0.164,0.060,0.112,0.044,0.124,0.030
1979,5,0.384,0.373,0.211,0.086,0.166,0.059,0.113,0.045,0.123,0.030
1979,6,0.120,0.247,0.196,0.081,0.162,0.058,0.115,0.045,0.122,0.030
1979,7,-0.022,0.235,0.191,0.077,0.160,0.056,0.115,0.043,0.122,0.030
1979,8,0.362,0.192,0.177,0.074,0.171,0.053,0.116,0.045,0.123,0.029
1979,9,-0.045,0.166,0.157,0.059,0.176,0.052,0.117,0.045,0.122,0.029
1979,10,0.121,0.257,0.147,0.058,0.172,0.051,0.118,0.044,0.122,0.029
1979,11,-0.006,0.205,0.141,0.061,0.170,0.053,0.119,0.043,0.124,0.030
1979,12,0.018,0.155,0.145,0.070,0.172,0.054,0.119,0.044,0.125,0.029
1980,1,0.222,0.169,0.175,0.082,0.170,0.055,0.119,0.044,0.125,0.029
1980,2,0.311,0.178,0.133,0.111,0.171,0.055,0.125,0.045,0.127,0.029
1980,3,0.190,0.314,0.157,0.117,0.167,0.055,0.128,0.044,0.127,0.030
1980,4,0.109,0.406,0.157,0.131,0.165,0.053,0.127,0.042,0.129,0.030
1980,5,0.314,0.160,0.172,0.149,0.170,0.052,0.130,0.042,0.131,0.030
1980,6,0.163,0.312,0.167,0.154,0.172,0.050,0.136,0.042,0.132,0.031
1980,7,0.347,0.240,0.124,0.157,0.179,0.047,0.137,0.043,0.133,0.030
1980,8,-0.148,0.470,0.116,0.149,0.189,0.045,0.137,0.046,0.135,0.031
1980,9,0.242,0.163,0.130,0.134,0.200,0.045,0.138,0.047,0.136,0.030
1980,10,0.128,0.176,0.126,0.121,0.216,0.044,0.139,0.047,0.138,0.030
1980,11,0.171,0.257,0.115,0.118,0.222,0.043,0.142,0.045,0.139,0.030
1980,12,-0.048,0.225,0.141,0.105,0.229,0.045,0.146,0.044,0.140,0.030
1981,1,-0.290,0.260,0.130,0.095,0.234,0.041,0.151,0.045,0.144,0.030
1981,2,0.220,0.170,0.203,0.085,0.237,0.042,0.154,0.045,0.148,0.030
1981,3,0.352,0.164,0.184,0.078,0.241,0.042,0.154,0.043,0.151,0.029
1981,4,0.062,0.135,0.185,0.080,0.246,0.044,0.157,0.042,0.153,0.030
1981,5,0.182,0.223,0.174,0.067,0.252,0.044,0.162,0.042,0.154,0.029
1981,6,0.478,0.148,0.165,0.049,0.244,0.043,0.167,0.040,0.158,0.029
1981,7,0.209,0.185,0.191,0.050,0.236,0.043,0.169,0.037,0.160,0.029
1981,8,0.729,0.111,0.188,0.060,0.222,0.044,0.173,0.034,0.164,0.028
1981,9,0.015,0.263,0.172,0.052,0.215,0.044,0.173,0.035,0.165,0.028
1981,10,0.137,0.197,0.165,0.051,0.210,0.045,0.175,0.037,0.166,0.028
1981,11,0.037,0.200,0.156,0.062,0.200,0.046,0.176,0.037,0.167,0.028
1981,12,-0.146,0.194,0.135,0.065,0.199,0.046,0.178,0.037,0.169,0.028
1982,1,0.019,0.196,0.125,0.062,0.196,0.048,0.177,0.036,0.172,0.029
1982,2,0.185,0.144,0.071,0.070,0.195,0.049,0.183,0.034,0.174,0.029
1982,3,0.160,0.129,0.090,0.063,0.193,0.050,0.190,0.034,0.179,0.029
1982,4,-0.020,0.206,0.079,0.076,0.192,0.052,0.193,0.034,0.183,0.028
1982,5,0.068,0.210,0.113,0.081,0.195,0.055,0.194,0.034,0.184,0.027
1982,6,0.223,0.287,0.163,0.076,0.195,0.057,0.200,0.035,0.186,0.027
1982,7,0.099,0.150,0.217,0.068,0.195,0.058,0.203,0.035,0.183,0.027
1982,8,0.078,0.155,0.286,0.063,0.201,0.057,0.205,0.036,0.184,0.027
1982,9,0.236,0.143,0.372,0.066,0.200,0.053,0.206,0.037,0.184,0.027
1982,10,0.006,0.150,0.462,0.068,0.199,0.049,0.210,0.038,0.182,0.028
1982,11,0.447,0.322,0.508,0.073,0.196,0.049,0.215,0.037,0.179,0.028
1982,12,0.459,0.269,0.534,0.079,0.200,0.048,0.215,0.036,0.176,0.028
1983,1,0.669,0.191,0.555,0.090,0.190,0.048,0.221,0.036,0.175,0.029
1983,2,1.003,0.207,0.587,0.093,0.195,0.046,0.223,0.037,0.172,0.029
1983,3,1.195,0.200,0.581,0.094,0.189,0.047,0.225,0.037,0.170,0.028
1983,4,1.063,0.279,0.610,0.091,0.186,0.048,0.229,0.037,0.169,0.028
1983,5,0.614,0.197,0.590,0.085,0.185,0.049,0.231,0.039,0.170,0.027
1983,6,0.540,0.186,0.526,0.097,0.188,0.047,0.233,0.041,0.171,0.027
1983,7,0.350,0.155,0.458,0.086,0.193,0.047,0.234,0.040,0.171,0.027
1983,8,0.461,0.066,0.345,0.082,0.191,0.048,0.233,0.041,0.173,0.027
1983,9,0.169,0.239,0.242,0.082,0.183,0.045,0.235,0.042,0.174,0.027
1983,10,0.348,0.277,0.151,0.079,0.185,0.046,0.237,0.045,0.173,0.028
1983,11,0.204,0.184,0.082,0.068,0.189,0.047,0.238,0.045,0.175,0.028
1983,12,-0.304,0.174,0.039,0.063,0.186,0.046,0.234,0.046,0.178,0.028
1984,1,-0.152,0.196,-0.008,0.057,0.187,0.044,0.235,0.046,0.183,0.028
1984,2,-0.344,0.173,-0.021,0.051,0.184,0.045,0.231,0.047,0.187,0.028
1984,3,-0.043,0.156,-0.049,0.053,0.185,0.047,0.226,0.047,0.189,0.028
1984,4,-0.028,0.337,-0.073,0.061,0.186,0.049,0.223,0.048,0.191,0.028
1984,5,-0.218,0.132,-0.075,0.061,0.185,0.051,0.220,0.047,0.192,0.027
1984,6,0.025,0.168,-0.047,0.054,0.193,0.052,0.219,0.048,0.194,0.027
1984,7,-0.216,0.299,-0.017,0.054,0.195,0.052,0.221,0.048,0.197,0.027
1984,8,0.309,0.201,0.070,0.056,0.195,0.051,0.219,0.049,0.197,0.027
1984,9,-0.166,0.186,0.084,0.056,0.203,0.052,0.220,0.050,0.200,0.027
1984,10,0.055,0.160,0.092,0.076,0.214,0.052,0.220,0.052,0.201,0.027
1984,11,0.180,0.211,0.120,0.085,0.217,0.052,0.222,0.052,0.202,0.027
1984,12,0.033,0.152,0.150,0.105,0.227,0.053,0.225,0.053,0.204,0.027
1985,1,0.208,0.099,0.147,0.104,0.235,0.051,0.225,0.054,0.206,0.028
1985,2,0.699,0.136,0.135,0.119,0.239,0.053,0.229,0.054,0.208,0.028
1985,3,0.130,0.181,0.138,0.113,0.244,0.054,0.232,0.052,0.210,0.027
1985,4,0.066,0.281,0.132,0.127,0.255,0.056,0.236,0.052,0.211,0.027
1985,5,0.112,0.170,0.125,0.124,0.259,0.057,0.237,0.051,0.214,0.027
1985,6,0.388,0.265,0.134,0.120,0.259,0.057,0.240,0.051,0.218,0.027
1985,7,-0.254,0.352,0.114,0.122,0.263,0.057,0.239,0.050,0.221,0.027
1985,8,0.168,0.272,0.064,0.121,0.258,0.058,0.244,0.050,0.221,0.027
1985,9,-0.130,0.155,0.045,0.119,0.249,0.059,0.244,0.050,0.223,0.027
1985,10,-0.020,0.308,0.056,0.111,0.242,0.059,0.247,0.050,0.225,0.027
1985,11,0.102,0.210,0.082,0.122,0.240,0.059,0.248,0.049,0.228,0.027
1985,12,0.143,0.184,0.071,0.111,0.237,0.060,0.251,0.047,0.230,0.027
1986,1,-0.038,0.145,0.119,0.102,0.235,0.064,0.257,0.046,0.232,0.027
1986,2,0.103,0.096,0.147,0.098,0.228,0.064,0.259,0.045,0.233,0.027
1986,3,-0.105,0.214,0.166,0.098,0.229,0.067,0.260,0.045,0.235,0.027
1986,4,0.203,0.221,0.181,0.105,0.229,0.072,0.262,0.045,0.238,0.026
1986,5,0.429,0.252,0.175,0.111,0.225,0.071,0.262,0.045,0.240,0.027
1986,6,0.254,0.250,0.190,0.102,0.224,0.071,0.264,0.045,0.243,0.026
1986,7,0.313,0.192,0.201,0.106,0.234,0.070,0.267,0.044,0.245,0.026
1986,8,0.511,0.248,0.210,0.103,0.239,0.070,0.264,0.044,0.247,0.026
1986,9,0.097,0.161,0.273,0.097,0.237,0.073,0.267,0.045,0.248,0.026
1986,10,0.165,0.194,0.307,0.085,0.236,0.076,0.266,0.045,0.249,0.026
1986,11,0.022,0.181,0.294,0.078,0.240,0.074,0.265,0.044,0.251,0.026
1986,12,0.327,0.111,0.339,0.075,0.240,0.077,0.267,0.046,0.251,0.026
1987,1,0.098,0.234,0.365,0.068,0.247,0.075,0.270,0.046,0.252,0.027
1987,2,0.203,0.142,0.349,0.062,0.244,0.075,0.274,0.046,0.254,0.027
1987,3,0.648,0.152,0.384,0.068,0.248,0.075,0.279,0.046,0.257,0.027
1987,4,0.614,0.197,0.423,0.073,0.248,0.079,0.285,0.046,0.258,0.027
1987,5,0.274,0.177,0.483,0.072,0.250,0.078,0.288,0.046,0.260,0.027
1987,6,0.799,0.139,0.491,0.071,0.255,0.079,0.289,0.047,0.262,0.028
1987,7,0.618,0.274,0.557,0.075,0.255,0.080,0.289,0.046,0.264,0.028
1987,8,0.327,0.170,0.599,0.091,0.257,0.081,0.293,0.047,0.268,0.029
1987,9,0.515,0.190,0.603,0.082,0.263,0.080,0.293,0.047,0.268,0.029
1987,10,0.634,0.156,0.603,0.073,0.273,0.077,0.293,0.047,0.270,0.029
1987,11,0.736,0.162,0.620,0.083,0.278,0.076,0.288,0.046,0.272,0.029
1987,12,0.419,0.121,0.587,0.092,0.281,0.077,0.284,0.046,0.275,0.030
1988,1,0.896,0.131,0.552,0.095,0.288,0.074,0.280,0.045,0.280,0.030
1988,2,0.702,0.234,0.531,0.102,0.293,0.074,0.273,0.045,0.285,0.030
1988,3,0.702,0.201,0.504,0.098,0.300,0.075,0.262,0.046,0.290,0.030
1988,4,0.613,0.245,0.480,0.112,0.307,0.076,0.255,0.045,0.297,0.031
1988,5,0.477,0.222,0.417,0.110,0.310,0.075,0.252,0.045,0.302,0.031
1988,6,0.408,0.248,0.353,0.117,0.313,0.073,0.252,0.045,0.305,0.032
1988,7,0.189,0.231,0.317,0.124,0.322,0.072,0.251,0.045,0.308,0.032
1988,8,0.084,0.189,0.252,0.127,0.327,0.071,0.251,0.046,0.309,0.032
1988,9,0.189,0.256,0.182,0.136,0.337,0.070,0.249,0.047,0.312,0.033
1988,10,0.341,0.294,0.122,0.143,0.339,0.069,0.247,0.049,0.314,0.033
1988,11,-0.015,0.144,0.086,0.130,0.334,0.069,0.248,0.048,0.318,0.034
1988,12,-0.354,0.145,0.052,0.123,0.342,0.069,0.254,0.048,0.318,0.034
1989,1,0.467,0.251,0.053,0.114,0.346,0.066,0.260,0.047,0.320,0.034
1989,2,-0.071,0.201,0.058,0.110,0.344,0.064,0.267,0.046,0.320,0.034
1989,3,-0.150,0.186,0.049,0.107,0.348,0.065,0.267,0.047,0.319,0.034
1989,4,-0.103,0.208,0.025,0.101,0.346,0.066,0.269,0.047,0.320,0.034
1989,5,0.049,0.247,0.052,0.101,0.345,0.066,0.272,0.047,0.318,0.034
1989,6,-0.005,0.207,0.105,0.095,0.342,0.067,0.273,0.047,0.319,0.034
1989,7,0.207,0.215,0.087,0.092,0.346,0.066,0.279,0.045,0.320,0.034
1989,8,0.143,0.078,0.160,0.088,0.353,0.066,0.278,0.044,0.320,0.034
1989,9,0.074,0.127,0.213,0.082,0.354,0.064,0.282,0.043,0.321,0.034
1989,10,0.057,0.238,0.275,0.079,0.357,0.063,0.283,0.043,0.321,0.035
1989,11,0.305,0.140,0.308,0.076,0.358,0.061,0.284,0.042,0.323,0.035
1989,12,0.292,0.139,0.355,0.084,0.352,0.060,0.289,0.043,0.324,0.034
1990,1,0.244,0.165,0.351,0.083,0.343,0.060,0.293,0.044,0.325,0.034
1990,2,0.801,0.171,0.381,0.087,0.346,0.060,0.290,0.044,0.324,0.034
1990,3,0.496,0.159,0.397,0.080,0.342,0.057,0.292,0.043,0.324,0.034
1990,4,0.636,0.179,0.424,0.071,0.332,0.056,0.295,0.042,0.324,0.034
1990,5,0.446,0.163,0.423,0.064,0.316,0.053,0.299,0.042,0.325,0.034
1990,6,0.560,0.257,0.425,0.061,0.308,0.054,0.300,0.042,0.324,0.034
1990,7,0.158,0.123,0.447,0.062,0.297,0.053,0.305,0.040,0.326,0.034
1990,8,0.503,0.265,0.415,0.058,0.288,0.052,0.304,0.038,0.328,0.035
1990,9,0.262,0.433,0.415,0.057,0.275,0.050,0.308,0.039,0.329,0.035
1990,10,0.385,0.147,0.386,0.060,0.268,0.047,0.312,0.039,0.330,0.035
1990,11,0.297,0.156,0.361,0.066,0.264,0.045,0.314,0.039,0.331,0.035
1990,12,0.316,0.139,0.376,0.070,0.266,0.042,0.313,0.040,0.334,0.034
1991,1,0.503,0.147,0.407,0.065,0.267,0.039,0.313,0.040,0.337,0.034
1991,2,0.418,0.095,0.401,0.060,0.273,0.039,0.312,0.040,0.338,0.034
1991,3,0.495,0.134,0.406,0.043,0.270,0.036,0.317,0.039,0.338,0.034
1991,4,0.288,0.207,0.377,0.047,0.265,0.036,0.318,0.038,0.339,0.034
1991,5,0.144,0.147,0.352,0.061,0.271,0.035,0.318,0.037,0.341,0.033
1991,6,0.748,0.135,0.334,0.063,0.284,0.036,0.319,0.037,0.340,0.033
1991,7,0.528,0.133,0.321,0.065,0.286,0.036,0.322,0.037,0.343,0.033
1991,8,0.427,0.242,0.337,0.065,0.295,0.038,0.320,0.036,0.343,0.033
1991,9,0.328,0.154,0.359,0.062,0.297,0.037,0.323,0.036,0.345,0.034
1991,10,0.036,0.160,0.400,0.069,0.302,0.034,0.323,0.036,0.346,0.034
1991,11,-0.004,0.183,0.417,0.063,0.303,0.034,0.326,0.035,0.347,0.034
1991,12,0.092,0.147,0.389,0.063,0.307,0.034,0.324,0.035,0.349,0.034
1992,1,0.357,0.128,0.353,0.064,0.311,0.033,0.326,0.035,0.353,0.035
1992,2,0.604,0.130,0.359,0.061,0.312,0.032,0.326,0.035,0.354,0.035
1992,3,0.755,0.120,0.352,0.059,0.316,0.031,0.325,0.035,0.357,0.035
1992,4,0.783,0.203,0.354,0.054,0.319,0.028,0.322,0.035,0.359,0.035
1992,5,0.346,0.156,0.334,0.055,0.319,0.030,0.325,0.035,0.362,0.035
1992,6,0.415,0.168,0.324,0.051,0.323,0.030,0.325,0.035,0.364,0.036
1992,7,0.101,0.126,0.313,0.060,0.330,0.030,0.325,0.035,0.368,0.036
1992,8,0.490,0.239,0.274,0.070,0.323,0.030,0.330,0.036,0.370,0.036
1992,9,0.252,0.198,0.208,0.080,0.321,0.029,0.330,0.034,0.371,0.036
1992,10,0.055,0.234,0.158,0.076,0.318,0.029,0.330,0.034,0.374,0.036
1992,11,-0.239,0.295,0.148,0.071,0.319,0.027,0.329,0.034,0.374,0.036
1992,12,-0.031,0.349,0.159,0.070,0.320,0.027,0.334,0.035,0.378,0.036
1993,1,0.231,0.224,0.172,0.064,0.322,0.026,0.339,0.035,0.378,0.036
1993,2,0.131,0.119,0.166,0.058,0.315,0.026,0.348,0.035,0.377,0.036
1993,3,-0.034,0.131,0.146,0.058,0.316,0.020,0.356,0.035,0.375,0.037
1993,4,0.176,0.144,0.143,0.051,0.317,0.019,0.364,0.035,0.374,0.036
1993,5,0.224,0.134,0.192,0.050,0.317,0.022,0.373,0.035,0.374,0.036
1993,6,0.549,0.130,0.230,0.051,0.314,0.023,0.377,0.035,0.375,0.036
1993,7,0.259,0.148,0.259,0.055,0.304,0.023,0.382,0.034,0.375,0.036
1993,8,0.415,0.141,0.291,0.057,0.296,0.022,0.385,0.034,0.376,0.036
1993,9,0.017,0.190,0.287,0.044,0.296,0.022,0.388,0.032,0.378,0.036
1993,10,0.023,0.206,0.290,0.048,0.298,0.021,0.391,0.032,0.377,0.036
1993,11,0.347,0.210,0.283,0.051,0.302,0.021,0.397,0.032,0.379,0.035
1993,12,0.424,0.236,0.254,0.046,0.297,0.022,0.403,0.032,0.381,0.035
1994,1,0.578,0.211,0.271,0.048,0.298,0.024,0.404,0.032,0.386,0.035
1994,2,0.516,0.138,0.256,0.050,0.296,0.025,0.408,0.033,0.390,0.034
1994,3,-0.079,0.279,0.280,0.055,0.298,0.025,0.413,0.033,0.393,0.034
1994,4,0.207,0.171,0.294,0.055,0.300,0.026,0.417,0.034,0.397,0.035
1994,5,0.139,0.131,0.291,0.052,0.307,0.028,0.416,0.035,0.400,0.035
1994,6,0.199,0.112,0.300,0.050,0.306,0.029,0.419,0.036,0.403,0.035
1994,7,0.473,0.159,0.309,0.044,0.306,0.031,0.420,0.036,0.405,0.034
1994,8,0.225,0.168,0.300,0.047,0.299,0.031,0.420,0.036,0.407,0.033
1994,9,0.313,0.177,0.334,0.051,0.296,0.033,0.422,0.037,0.409,0.033
1994,10,0.188,0.147,0.358,0.049,0.288,0.033,0.423,0.037,0.410,0.033
1994,11,0.310,0.160,0.388,0.044,0.292,0.034,0.424,0.038,0.412,0.033
1994,12,0.538,0.138,0.422,0.042,0.299,0.033,0.423,0.038,0.414,0.033
1995,1,0.678,0.151,0.407,0.036,0.307,0.032,0.424,0.038,0.416,0.033
1995,2,0.405,0.187,0.395,0.041,0.315,0.030,0.418,0.038,0.418,0.033
1995,3,0.335,0.172,0.394,0.042,0.319,0.029,0.416,0.038,0.422,0.033
1995,4,0.490,0.205,0.417,0.042,0.327,0.031,0.412,0.039,0.425,0.033
1995,5,0.497,0.246,0.416,0.041,0.343,0.032,0.413,0.039,0.427,0.033
1995,6,0.607,0.160,0.380,0.052,0.360,0.034,0.408,0.040,0.428,0.033
1995,7,0.294,0.082,0.318,0.053,0.381,0.037,0.413,0.040,0.432,0.033
1995,8,0.085,0.109,0.278,0.055,0.407,0.038,0.411,0.040,0.435,0.033
1995,9,0.300,0.198,0.291,0.052,0.437,0.040,0.413,0.038,0.440,0.033
1995,10,0.466,0.184,0.283,0.053,0.460,0.041,0.413,0.038,0.442,0.033
1995,11,0.293,0.265,0.276,0.045,0.483,0.044,0.414,0.039,0.443,0.032
1995,12,0.105,0.224,0.261,0.051,0.489,0.044,0.418,0.039,0.444,0.032
1996,1,-0.060,0.143,0.288,0.067,0.496,0.045,0.417,0.039,0.447,0.031
1996,2,-0.073,0.214,0.305,0.071,0.496,0.046,0.417,0.039,0.450,0.031
1996,3,0.492,0.146,0.319,0.067,0.507,0.045,0.416,0.041,0.453,0.031
1996,4,0.386,0.128,0.293,0.061,0.518,0.049,0.416,0.040,0.453,0.031
1996,5,0.422,0.097,0.302,0.059,0.523,0.050,0.421,0.041,0.452,0.032
1996,6,0.417,0.111,0.294,0.058,0.522,0.050,0.416,0.042,0.453,0.032
1996,7,0.618,0.218,0.333,0.061,0.522,0.052,0.419,0.042,0.455,0.032
1996,8,0.297,0.085,0.352,0.062,0.522,0.055,0.421,0.042,0.456,0.033
1996,9,0.464,0.135,0.359,0.063,0.529,0.054,0.422,0.042,0.457,0.033
1996,10,0.151,0.156,0.351,0.072,0.532,0.055,0.426,0.042,0.459,0.033
1996,11,0.407,0.172,0.368,0.078,0.529,0.056,0.429,0.043,0.462,0.032
1996,12,0.004,0.221,0.398,0.078,0.531,0.057,0.431,0.043,0.465,0.032
1997,1,0.410,0.151,0.396,0.068,0.529,0.057,0.435,0.044,0.467,0.032
1997,2,0.156,0.092,0.451,0.070,0.528,0.058,0.435,0.045,0.469,0.032
1997,3,0.575,0.167,0.457,0.066,0.529,0.058,0.435,0.045,0.469,0.032
1997,4,0.285,0.170,0.489,0.069,0.527,0.061,0.433,0.044,0.469,0.032
1997,5,0.631,0.159,0.513,0.067,0.529,0.062,0.437,0.044,0.470,0.032
1997,6,0.779,0.157,0.595,0.070,0.524,0.061,0.439,0.043,0.469,0.032
1997,7,0.596,0.240,0.687,0.078,0.519,0.061,0.446,0.042,0.469,0.033
1997,8,0.957,0.145,0.816,0.088,0.513,0.061,0.447,0.041,0.469,0.033
1997,9,0.536,0.115,0.912,0.083,0.512,0.060,0.449,0.041,0.469,0.034
1997,10,0.536,0.119,1.020,0.083,0.505,0.061,0.454,0.041,0.468,0.034
1997,11,0.691,0.187,1.098,0.084,0.507,0.061,0.461,0.041,0.466,0.034
1997,12,0.988,0.192,1.109,0.083,0.496,0.063,0.472,0.041,0.466,0.034
1998,1,1.518,0.188,1.120,0.085,0.503,0.064,0.477,0.042,0.465,0.034
1998,2,1.702,0.154,1.074,0.089,0.507,0.065,0.482,0.042,0.463,0.033
1998,3,1.731,0.152,1.083,0.091,0.510,0.065,0.488,0.042,0.460,0.033
1998,4,1.578,0.235,1.095,0.100,0.508,0.065,0.492,0.042,0.458,0.033
1998,5,1.568,0.218,1.091,0.106,0.511,0.065,0.497,0.042,0.457,0.033
1998,6,0.911,0.184,1.042,0.106,0.522,0.064,0.498,0.042,0.456,0.034
1998,7,0.723,0.136,0.964,0.105,0.529,0.065,0.499,0.041,0.456,0.033
1998,8,0.401,0.115,0.862,0.105,0.537,0.064,0.502,0.041,0.457,0.032
1998,9,0.654,0.107,0.748,0.108,0.535,0.066,0.506,0.041,0.458,0.032
1998,10,0.675,0.234,0.647,0.108,0.535,0.066,0.508,0.041,0.459,0.031
1998,11,0.643,0.119,0.512,0.102,0.539,0.066,0.510,0.041,0.461,0.031
1998,12,0.402,0.134,0.463,0.099,0.536,0.067,0.509,0.041,0.465,0.031
1999,1,0.584,0.219,0.432,0.094,0.539,0.065,0.511,0.041,0.464,0.031
1999,2,0.470,0.196,0.416,0.087,0.547,0.065,0.512,0.041,0.466,0.031
1999,3,0.367,0.194,0.389,0.089,0.547,0.065,0.519,0.041,0.468,0.031
1999,4,0.361,0.202,0.340,0.088,0.551,0.065,0.525,0.040,0.471,0.031
1999,5,-0.043,0.111,0.324,0.091,0.550,0.066,0.529,0.040,0.473,0.032
1999,6,0.323,0.120,0.310,0.090,0.557,0.065,0.533,0.040,0.478,0.033
1999,7,0.349,0.097,0.290,0.091,0.563,0.067,0.530,0.040,0.480,0.033
1999,8,0.206,0.124,0.258,0.088,0.570,0.070,0.536,0.040,0.483,0.033
1999,9,0.336,0.109,0.249,0.089,0.573,0.068,0.535,0.040,0.487,0.033
1999,10,0.078,0.183,0.226,0.086,0.579,0.066,0.537,0.041,0.489,0.032
1999,11,0.453,0.169,0.279,0.088,0.582,0.065,0.540,0.042,0.490,0.032
1999,12,0.238,0.194,0.249,0.089,0.579,0.064,0.539,0.042,0.493,0.031
2000,1,0.343,0.216,0.279,0.091,0.586,0.063,0.539,0.042,0.495,0.030
2000,2,0.079,0.148,0.288,0.088,0.580,0.062,0.546,0.041,0.498,0.029
2000,3,0.267,0.087,0.301,0.077,0.579,0.063,0.551,0.041,0.501,0.030
2000,4,0.079,0.163,0.323,0.074,0.581,0.060,0.554,0.041,0.504,0.030
2000,5,0.599,0.221,0.327,0.072,0.580,0.058,0.554,0.042,0.507,0.031
2000,6,-0.039,0.189,0.369,0.072,0.584,0.057,0.556,0.043,0.508,0.031
2000,7,0.709,0.085,0.372,0.071,0.572,0.055,0.559,0.043,0.510,0.031
2000,8,0.314,0.102,0.398,0.066,0.556,0.055,0.566,0.043,0.511,0.031
2000,9,0.487,0.188,0.408,0.066,0.540,0.055,0.571,0.044,0.511,0.030
2000,10,0.351,0.116,0.433,0.053,0.524,0.052,0.571,0.044,0.513,0.031
2000,11,0.493,0.117,0.437,0.047,0.512,0.051,0.572,0.044,0.515,0.031
2000,12,0.747,0.166,0.462,0.050,0.507,0.050,0.574,0.044,0.515,0.030
2001,1,0.384,0.156,0.468,0.055,0.502,0.050,0.580,0.043,0.514,0.029
2001,2,0.384,0.085,0.506,0.054,0.508,0.047,0.588,0.041,0.514,0.029
2001,3,0.389,0.148,0.502,0.067,0.505,0.047,0.590,0.042,0.512,0.029
2001,4,0.380,0.120,0.509,0.072,0.498,0.047,0.589,0.043,0.512,0.030
2001,5,0.641,0.122,0.496,0.075,0.497,0.045,0.587,0.044,0.513,0.030
2001,6,0.261,0.209,0.470,0.068,0.495,0.045,0.586,0.044,0.513,0.031
2001,7,0.788,0.155,0.501,0.066,0.500,0.044,0.588,0.044,0.514,0.031
2001,8,0.768,0.130,0.517,0.074,0.503,0.043,0.592,0.044,0.515,0.031
2001,9,0.446,0.172,0.548,0.067,0.510,0.043,0.591,0.044,0.517,0.031
2001,10,0.433,0.108,0.567,0.067,0.517,0.042,0.595,0.044,0.519,0.031
2001,11,0.330,0.192,0.582,0.065,0.529,0.040,0.598,0.043,0.522,0.030
2001,12,0.442,0.103,0.613,0.063,0.536,0.039,0.606,0.043,0.524,0.030
2002,1,0.754,0.313,0.631,0.070,0.532,0.040,0.608,0.043,0.526,0.030
2002,2,0.573,0.200,0.618,0.061,0.543,0.040,0.613,0.043,0.527,0.029
2002,3,0.758,0.131,0.619,0.058,0.542,0.041,0.613,0.043,0.525,0.029
2002,4,0.616,0.069,0.637,0.040,0.548,0.044,0.616,0.042,0.523,0.030
2002,5,0.820,0.087,0.663,0.036,0.552,0.044,0.615,0.043,0.524,0.030
2002,6,0.629,0.091,0.727,0.038,0.555,0.044,0.614,0.043,0.526,0.031
2002,7,1.000,0.220,0.732,0.040,0.560,0.042,0.612,0.042,0.528,0.031
2002,8,0.619,0.113,0.748,0.041,0.580,0.041,0.608,0.042,0.529,0.032
2002,9,0.456,0.136,0.747,0.040,0.591,0.041,0.607,0.044,0.531,0.033
2002,10,0.646,0.206,0.748,0.041,0.603,0.039,0.606,0.044,0.533,0.033
2002,11,0.639,0.169,0.747,0.044,0.602,0.037,0.602,0.044,0.538,0.033
2002,12,1.216,0.189,0.747,0.043,0.616,0.036,0.597,0.043,0.541,0.032
2003,1,0.817,0.181,0.698,0.045,0.616,0.035,0.591,0.042,0.544,0.032
2003,2,0.761,0.170,0.711,0.053,0.626,0.034,0.579,0.041,0.546,0.032
2003,3,0.742,0.137,0.715,0.049,0.633,0.037,0.564,0.040,0.551,0.033
2003,4,0.629,0.134,0.682,0.052,0.635,0.040,0.552,0.040,0.554,0.033
2003,5,0.816,0.160,0.675,0.049,0.633,0.041,0.541,0.040,0.557,0.033
2003,6,0.619,0.246,0.601,0.057,0.626,0.040,0.535,0.040,0.559,0.033
2003,7,0.420,0.126,0.604,0.062,0.631,0.038,0.530,0.040,0.561,0.034
2003,8,0.774,0.214,0.594,0.076,0.638,0.039,0.529,0.039,0.561,0.034
2003,9,0.501,0.191,0.598,0.075,0.644,0.038,0.527,0.038,0.564,0.034
2003,10,0.246,0.093,0.613,0.071,0.642,0.039,0.526,0.037,0.566,0.034
2003,11,0.563,0.209,0.601,0.078,0.635,0.039,0.526,0.036,0.568,0.034
2003,12,0.320,0.126,0.609,0.072,0.636,0.040,0.527,0.035,0.569,0.033
2004,1,0.852,0.136,0.586,0.071,0.638,0.039,0.524,0.035,0.567,0.033
2004,2,0.649,0.143,0.591,0.076,0.637,0.036,0.524,0.035,0.567,0.033
2004,3,0.786,0.142,0.573,0.074,0.636,0.034,0.523,0.035,0.571,0.033
2004,4,0.814,0.089,0.587,0.080,0.639,0.032,0.525,0.034,0.574,0.033
2004,5,0.667,0.199,0.597,0.075,0.646,0.031,0.531,0.035,0.577,0.034
2004,6,0.715,0.115,0.607,0.080,0.655,0.030,0.536,0.036,0.582,0.035
2004,7,0.148,0.165,0.593,0.081,0.654,0.031,0.539,0.036,0.585,0.035
2004,8,0.827,0.198,0.642,0.078,0.656,0.030,0.545,0.036,0.586,0.036
2004,9,0.289,0.162,0.654,0.070,0.654,0.030,0.551,0.036,0.588,0.036
2004,10,0.411,0.202,0.653,0.066,0.653,0.030,0.556,0.035,0.591,0.037
2004,11,0.690,0.210,0.644,0.069,0.649,0.032,0.557,0.034,0.593,0.037
2004,12,0.435,0.229,0.652,0.071,0.648,0.034,0.562,0.033,0.593,0.036
2005,1,0.681,0.196,0.697,0.076,0.639,0.033,0.566,0.031,0.592,0.036
2005,2,1.245,0.200,0.703,0.078,0.636,0.033,0.578,0.030,0.593,0.035
2005,3,0.922,0.138,0.753,0.076,0.635,0.034,0.586,0.030,0.595,0.035
2005,4,0.802,0.214,0.759,0.081,0.632,0.036,0.595,0.030,0.597,0.035
2005,5,0.558,0.166,0.732,0.084,0.624,0.037,0.601,0.030,0.598,0.036
2005,6,0.814,0.158,0.725,0.085,0.611,0.036,0.609,0.031,0.600,0.037
2005,7,0.686,0.133,0.726,0.073,0.610,0.034,0.607,0.031,0.604,0.037
2005,8,0.898,0.121,0.689,0.057,0.601,0.034,0.610,0.031,0.608,0.037
2005,9,0.900,0.125,0.674,0.053,0.588,0.032,0.610,0.032,0.611,0.037
2005,10,0.472,0.191,0.629,0.054,0.580,0.033,0.614,0.033,0.614,0.037
2005,11,0.366,0.174,0.601,0.052,0.571,0.033,0.615,0.032,0.617,0.036
2005,12,0.353,0.122,0.558,0.056,0.563,0.035,0.611,0.032,0.622,0.035
2006,1,0.691,0.115,0.577,0.069,0.558,0.035,0.612,0.031,0.630,0.035
2006,2,0.806,0.233,0.564,0.083,0.550,0.034,0.612,0.030,0.637,0.034
2006,3,0.744,0.169,0.520,0.077,0.549,0.033,0.609,0.031,0.642,0.034
2006,4,0.260,0.279,0.531,0.074,0.554,0.032,0.607,0.032,0.648,0.035
2006,5,0.223,0.250,0.563,0.076,0.555,0.033,0.606,0.033,0.652,0.035
2006,6,0.300,0.151,0.617,0.086,0.558,0.031,0.609,0.033,0.654,0.035
2006,7,0.906,0.267,0.614,0.096,0.548,0.031,0.610,0.034,0.656,0.036
2006,8,0.747,0.290,0.604,0.107,0.546,0.033,0.609,0.034,0.660,0.036
2006,9,0.375,0.070,0.596,0.105,0.537,0.033,0.611,0.033,0.662,0.036
2006,10,0.601,0.123,0.622,0.091,0.533,0.033,0.612,0.033,0.665,0.036
2006,11,0.754,0.190,0.653,0.091,0.533,0.037,0.615,0.032,0.667,0.036
2006,12,1.001,0.165,0.675,0.094,0.537,0.040,0.617,0.032,0.672,0.035
2007,1,0.653,0.130,0.636,0.079,0.546,0.041,0.617,0.033,0.674,0.036
2007,2,0.687,0.049,0.611,0.071,0.547,0.043,0.619,0.032,0.677,0.036
2007,3,0.642,0.151,0.615,0.081,0.560,0.041,0.615,0.032,0.677,0.036
2007,4,0.572,0.164,0.601,0.084,0.564,0.038,0.613,0.033,0.678,0.036
2007,5,0.593,0.189,0.555,0.081,0.562,0.037,0.612,0.034,0.679,0.036
2007,6,0.575,0.212,0.506,0.070,0.569,0.037,0.613,0.035,0.679,0.036
2007,7,0.429,0.202,0.512,0.059,0.572,0.037,0.609,0.036,0.680,0.036
2007,8,0.451,0.180,0.475,0.060,0.576,0.037,0.611,0.037,0.680,0.036
2007,9,0.416,0.288,0.418,0.053,0.582,0.040,0.613,0.036,0.681,0.035
2007,10,0.433,0.197,0.386,0.052,0.588,0.039,0.612,0.037,0.682,0.035
2007,11,0.204,0.229,0.358,0.046,0.600,0.040,0.614,0.037,0.683,0.034
2007,12,0.419,0.105,0.323,0.051,0.601,0.040,0.611,0.036,0.683,0.034
2008,1,0.719,0.192,0.295,0.052,0.598,0.040,0.612,0.036,0.679,0.033
2008,2,0.248,0.150,0.282,0.056,0.594,0.041,0.611,0.035,0.675,0.033
2008,3,-0.043,0.265,0.284,0.071,0.587,0.042,0.614,0.035,0.671,0.033
2008,4,0.181,0.195,0.292,0.077,0.593,0.044,0.616,0.034,0.668,0.033
2008,5,0.259,0.160,0.329,0.093,0.597,0.043,0.616,0.034,0.664,0.033
2008,6,0.155,0.103,0.336,0.089,0.597,0.045,0.621,0.035,0.664,0.033
2008,7,0.091,0.178,0.295,0.079,0.592,0.046,0.623,0.035,0.665,0.033
2008,8,0.296,0.175,0.317,0.073,0.586,0.047,0.621,0.036,0.668,0.032
2008,9,0.445,0.199,0.343,0.068,0.574,0.047,0.622,0.036,0.668,0.032
2008,10,0.525,0.080,0.378,0.054,0.572,0.046,0.624,0.035,0.669,0.032
2008,11,0.648,0.096,0.409,0.061,0.577,0.044,0.625,0.035,0.671,0.032
2008,12,0.507,0.127,0.477,0.073,0.583,0.046,0.629,0.034,0.674,0.031
2009,1,0.222,0.090,0.529,0.071,0.582,0.045,0.623,0.034,0.677,0.031
2009,2,0.515,0.114,0.577,0.068,0.581,0.044,0.622,0.034,0.680,0.031
2009,3,0.265,0.171,0.629,0.065,0.587,0.042,0.623,0.035,0.683,0.031
2009,4,0.604,0.170,0.640,0.058,0.586,0.042,0.623,0.035,0.687,0.031
2009,5,0.637,0.237,0.632,0.053,0.584,0.044,0.625,0.036,0.692,0.031
2009,6,0.973,0.251,0.658,0.056,0.578,0.045,0.630,0.037,0.695,0.032
2009,7,0.705,0.136,0.712,0.060,0.581,0.045,0.639,0.038,0.698,0.032
2009,8,0.882,0.185,0.792,0.055,0.582,0.044,0.636,0.040,0.702,0.032
2009,9,1.065,0.117,0.877,0.054,0.577,0.043,0.641,0.040,0.706,0.032
2009,10,0.656,0.202,0.925,0.071,0.573,0.042,0.644,0.039,0.709,0.032
2009,11,0.550,0.169,0.979,0.060,0.574,0.042,0.645,0.039,0.712,0.032
2009,12,0.824,0.110,0.971,0.050,0.578,0.040,0.647,0.039,0.715,0.032
2010,1,0.873,0.264,0.952,0.043,0.579,0.043,0.645,0.039,0.719,0.031
2010,2,1.473,0.151,0.938,0.044,0.585,0.046,0.640,0.040,0.724,0.031
2010,3,1.283,0.232,0.889,0.059,0.590,0.048,0.639,0.039,0.728,0.032
2010,4,1.179,0.174,0.904,0.063,0.593,0.048,0.639,0.037,0.733,0.032
2010,5,1.281,0.189,0.908,0.058,0.603,0.051,0.642,0.038,0.736,0.031
2010,6,0.885,0.199,0.867,0.070,0.610,0.051,0.644,0.038,0.740,0.032
2010,7,0.473,0.184,0.827,0.062,0.614,0.051,0.649,0.039,0.740,0.032
2010,8,0.711,0.168,0.742,0.068,0.621,0.049,0.650,0.038,0.743,0.032
2010,9,0.480,0.190,0.635,0.064,0.641,0.048,0.651,0.038,0.745,0.032
2010,10,0.834,0.146,0.552,0.062,0.651,0.044,0.657,0.037,0.745,0.032
2010,11,0.600,0.214,0.486,0.067,0.661,0.045,0.662,0.036,0.746,0.032
2010,12,0.332,0.252,0.467,0.075,0.679,0.044,0.671,0.036,0.745,0.032
2011,1,0.392,0.279,0.499,0.081,0.687,0.043,0.681,0.037,NaN,NaN
2011,2,0.449,0.128,0.495,0.083,0.692,0.045,0.686,0.038,NaN,NaN
2011,3,-0.000,0.172,0.518,0.064,0.695,0.046,0.694,0.037,NaN,NaN
2011,4,0.182,0.165,0.493,0.061,0.695,0.045,0.707,0.036,NaN,NaN
2011,5,0.497,0.227,0.498,0.062,0.696,0.043,0.717,0.034,NaN,NaN
2011,6,0.652,0.264,0.525,0.059,0.700,0.043,0.721,0.035,NaN,NaN
2011,7,0.856,0.197,0.560,0.060,0.698,0.044,0.723,0.035,NaN,NaN
2011,8,0.668,0.116,0.583,0.052,0.699,0.044,0.728,0.034,NaN,NaN
2011,9,0.751,0.214,0.612,0.053,0.709,0.043,0.733,0.035,NaN,NaN
2011,10,0.540,0.099,0.626,0.050,0.712,0.045,0.735,0.035,NaN,NaN
2011,11,0.658,0.123,0.638,0.050,0.716,0.043,0.737,0.035,NaN,NaN
2011,12,0.654,0.193,0.653,0.047,0.723,0.042,0.737,0.035,NaN,NaN
2012,1,0.809,0.169,0.624,0.060,0.732,0.042,0.740,0.036,NaN,NaN
2012,2,0.730,0.159,0.635,0.073,0.725,0.043,0.740,0.036,NaN,NaN
2012,3,0.347,0.186,0.631,0.087,0.722,0.044,0.740,0.035,NaN,NaN
2012,4,0.356,0.193,0.634,0.088,0.724,0.044,0.740,0.035,NaN,NaN
2012,5,0.639,0.226,0.647,0.095,0.728,0.044,0.742,0.034,NaN,NaN
2012,6,0.825,0.212,0.664,0.100,0.726,0.045,0.744,0.035,NaN,NaN
2012,7,0.505,0.262,0.678,0.096,0.719,0.045,0.748,0.035,NaN,NaN
2012,8,0.800,0.196,0.669,0.096,0.704,0.046,0.751,0.034,NaN,NaN
2012,9,0.704,0.157,0.739,0.092,0.696,0.045,0.754,0.032,NaN,NaN
2012,10,0.581,0.147,0.774,0.074,0.690,0.043,0.758,0.032,NaN,NaN
2012,11,0.819,0.152,0.791,0.070,0.684,0.044,0.764,0.031,NaN,NaN
2012,12,0.851,0.263,0.825,0.059,0.688,0.045,0.769,0.031,NaN,NaN
2013,1,0.973,0.203,0.834,0.045,0.701,0.047,0.768,0.031,NaN,NaN
2013,2,0.626,0.143,0.815,0.042,0.705,0.046,0.771,0.031,NaN,NaN
2013,3,1.188,0.213,0.810,0.047,0.715,0.046,0.778,0.031,NaN,NaN
2013,4,0.781,0.146,0.804,0.048,0.720,0.044,0.783,0.031,NaN,NaN
2013,5,0.841,0.170,0.793,0.045,0.726,0.045,0.786,0.031,NaN,NaN
2013,6,1.229,0.176,0.785,0.044,0.745,0.045,0.792,0.031,NaN,NaN
2013,7,0.611,0.107,0.711,0.048,0.769,0.044,0.800,0.031,NaN,NaN
2013,8,0.571,0.158,0.709,0.053,0.786,0.044,0.807,0.031,NaN,NaN
2013,9,0.645,0.113,0.682,0.060,0.814,0.045,0.809,0.032,NaN,NaN
2013,10,0.513,0.129,0.684,0.062,0.841,0.045,0.812,0.033,NaN,NaN
2013,11,0.685,0.208,0.688,0.058,0.856,0.044,0.816,0.033,NaN,NaN
2013,12,0.756,0.208,0.697,0.060,0.859,0.043,0.822,0.034,NaN,NaN
2014,1,0.090,0.176,0.753,0.062,0.864,0.046,0.831,0.034,NaN,NaN
2014,2,0.602,0.161,0.745,0.069,0.876,0.047,0.836,0.035,NaN,NaN
2014,3,0.856,0.171,0.762,0.070,0.879,0.048,0.842,0.035,NaN,NaN
2014,4,0.808,0.222,0.784,0.077,0.885,0.049,0.848,0.036,NaN,NaN
2014,5,0.886,0.153,0.794,0.086,0.889,0.051,0.853,0.036,NaN,NaN
2014,6,1.341,0.193,0.787,0.092,0.896,0.053,0.854,0.036,NaN,NaN
2014,7,1.279,0.195,0.821,0.097,0.900,0.056,0.856,0.037,NaN,NaN
2014,8,0.482,0.232,0.817,0.094,0.899,0.057,0.860,0.037,NaN,NaN
2014,9,0.841,0.154,0.811,0.086,0.903,0.056,0.861,0.037,NaN,NaN
2014,10,0.781,0.227,0.816,0.086,0.907,0.055,0.862,0.038,NaN,NaN
2014,11,0.803,0.172,0.818,0.092,0.911,0.055,0.867,0.038,NaN,NaN
2014,12,0.679,0.245,0.798,0.089,0.909,0.054,0.868,0.039,NaN,NaN
2015,1,0.491,0.166,0.797,0.094,0.916,0.054,0.872,0.041,NaN,NaN
2015,2,0.555,0.116,0.836,0.087,0.916,0.055,0.870,0.041,NaN,NaN
2015,3,0.784,0.138,0.857,0.074,0.918,0.053,0.870,0.042,NaN,NaN
2015,4,0.867,0.243,0.884,0.059,0.924,0.055,0.870,0.043,NaN,NaN
2015,5,0.911,0.380,0.900,0.049,0.926,0.056,0.871,0.042,NaN,NaN
2015,6,1.100,0.157,0.962,0.045,0.928,0.057,0.870,0.042,NaN,NaN
2015,7,1.266,0.221,1.077,0.039,0.921,0.059,0.873,0.043,NaN,NaN
2015,8,0.959,0.175,1.153,0.036,0.921,0.060,0.876,0.044,NaN,NaN
2015,9,1.087,0.118,1.227,0.040,0.915,0.058,0.879,0.044,NaN,NaN
2015,10,1.106,0.140,1.306,0.044,0.916,0.060,0.875,0.043,NaN,NaN
2015,11,0.992,0.172,1.346,0.053,0.912,0.059,0.878,0.043,NaN,NaN
2015,12,1.426,0.195,1.324,0.052,0.905,0.058,0.879,0.044,NaN,NaN
2016,1,1.877,0.226,1.312,0.056,0.913,0.059,NaN,NaN,NaN,NaN
2016,2,1.458,0.100,1.351,0.067,0.923,0.060,NaN,NaN,NaN,NaN
2016,3,1.681,0.159,1.335,0.076,0.923,0.060,NaN,NaN,NaN,NaN
2016,4,1.804,0.196,1.317,0.091,0.929,0.060,NaN,NaN,NaN,NaN
2016,5,1.400,0.152,1.314,0.091,0.937,0.061,NaN,NaN,NaN,NaN
2016,6,0.836,0.220,1.281,0.091,0.944,0.062,NaN,NaN,NaN,NaN
2016,7,1.113,0.207,1.212,0.089,0.964,0.065,NaN,NaN,NaN,NaN
2016,8,1.428,0.169,1.146,0.092,0.972,0.065,NaN,NaN,NaN,NaN
2016,9,0.899,0.179,1.056,0.092,0.976,0.063,NaN,NaN,NaN,NaN
2016,10,0.886,0.208,0.956,0.095,0.983,0.062,NaN,NaN,NaN,NaN
2016,11,0.956,0.256,0.911,0.094,0.990,0.063,NaN,NaN,NaN,NaN
2016,12,1.031,0.184,0.901,0.098,0.985,0.063,NaN,NaN,NaN,NaN
2017,1,1.055,0.234,0.887,0.095,0.981,0.061,NaN,NaN,NaN,NaN
2017,2,0.668,0.141,0.836,0.096,0.994,0.059,NaN,NaN,NaN,NaN
2017,3,0.600,0.115,0.828,0.086,1.000,0.058,NaN,NaN,NaN,NaN
2017,4,0.594,0.206,0.832,0.101,1.000,0.056,NaN,NaN,NaN,NaN
2017,5,0.870,0.189,0.829,0.096,1.005,0.056,NaN,NaN,NaN,NaN
2017,6,0.716,0.200,0.823,0.098,1.009,0.056,NaN,NaN,NaN,NaN
2017,7,0.936,0.210,0.783,0.104,1.024,0.057,NaN,NaN,NaN,NaN
2017,8,0.817,0.232,0.779,0.111,1.036,0.058,NaN,NaN,NaN,NaN
2017,9,0.803,0.242,0.799,0.113,1.045,0.060,NaN,NaN,NaN,NaN
2017,10,0.935,0.324,0.818,0.115,1.050,0.060,NaN,NaN,NaN,NaN
2017,11,0.925,0.164,0.795,0.113,1.057,0.060,NaN,NaN,NaN,NaN
2017,12,0.955,0.176,0.807,0.109,1.053,0.061,NaN,NaN,NaN,NaN
2018,1,0.582,0.127,0.817,0.105,1.045,0.063,NaN,NaN,NaN,NaN
2018,2,0.618,0.145,0.847,0.109,1.048,0.064,NaN,NaN,NaN,NaN
2018,3,0.837,0.095,0.836,0.109,1.043,0.066,NaN,NaN,NaN,NaN
2018,4,0.819,0.147,0.831,0.089,1.030,0.067,NaN,NaN,NaN,NaN
2018,5,0.598,0.234,0.851,0.086,1.030,0.065,NaN,NaN,NaN,NaN
2018,6,0.854,0.233,0.865,0.083,1.013,0.065,NaN,NaN,NaN,NaN
2018,7,1.064,0.163,0.927,0.082,NaN,NaN,NaN,NaN,NaN,NaN
2018,8,1.178,0.302,0.966,0.075,NaN,NaN,NaN,NaN,NaN,NaN
2018,9,0.664,0.282,0.987,0.075,NaN,NaN,NaN,NaN,NaN,NaN
2018,10,0.880,0.248,1.023,0.070,NaN,NaN,NaN,NaN,NaN,NaN
2018,11,1.157,0.219,1.081,0.071,NaN,NaN,NaN,NaN,NaN,NaN
2018,12,1.133,0.201,1.095,0.074,NaN,NaN,NaN,NaN,NaN,NaN
2019,1,1.318,0.133,1.092,0.072,NaN,NaN,NaN,NaN,NaN,NaN
2019,2,1.093,0.181,1.098,0.081,NaN,NaN,NaN,NaN,NaN,NaN
2019,3,1.086,0.163,1.144,0.084,NaN,NaN,NaN,NaN,NaN,NaN
2019,4,1.248,0.231,1.136,0.081,NaN,NaN,NaN,NaN,NaN,NaN
2019,5,1.291,0.204,1.133,0.082,NaN,NaN,NaN,NaN,NaN,NaN
2019,6,1.022,0.197,1.117,0.088,NaN,NaN,NaN,NaN,NaN,NaN
2019,7,1.034,0.111,1.122,0.092,NaN,NaN,NaN,NaN,NaN,NaN
2019,8,1.254,0.196,1.137,0.093,NaN,NaN,NaN,NaN,NaN,NaN
2019,9,1.208,0.193,1.153,0.093,NaN,NaN,NaN,NaN,NaN,NaN
2019,10,0.782,0.221,1.149,0.092,NaN,NaN,NaN,NaN,NaN,NaN
2019,11,1.127,0.205,1.153,0.090,NaN,NaN,NaN,NaN,NaN,NaN
2019,12,0.935,0.190,1.138,0.084,NaN,NaN,NaN,NaN,NaN,NaN
2020,1,1.384,0.227,1.117,0.093,NaN,NaN,NaN,NaN,NaN,NaN
2020,2,1.274,0.247,1.106,0.095,NaN,NaN,NaN,NaN,NaN,NaN
2020,3,1.277,0.185,1.072,0.097,NaN,NaN,NaN,NaN,NaN,NaN
2020,4,1.205,0.152,1.037,0.088,NaN,NaN,NaN,NaN,NaN,NaN
2020,5,1.330,0.239,1.023,0.077,NaN,NaN,NaN,NaN,NaN,NaN
2020,6,0.840,0.282,0.981,0.078,NaN,NaN,NaN,NaN,NaN,NaN
2020,7,0.788,0.308,NaN,NaN,NaN,NaN,NaN,NaN,NaN,NaN
2020,8,1.125,0.226,NaN,NaN,NaN,NaN,NaN,NaN,NaN,NaN
2020,9,0.793,0.201,NaN,NaN,NaN,NaN,NaN,NaN,NaN,NaN
2020,10,0.368,0.285,NaN,NaN,NaN,NaN,NaN,NaN,NaN,NaN
2020,11,0.952,0.345,NaN,NaN,NaN,NaN,NaN,NaN,NaN,NaN
2020,12,0.439,0.335,NaN,NaN,NaN,NaN,NaN,NaN,NaN,NaN