1965,1,-0.226,0.149,-0.203,0.084,-0.157,0.056,-0.060,0.056,-0.048,0.041
1965,2,-1.304,0.167,-0.214,0.088,-0.156,0.056,-0.057,0.057,-0.037,0.041
1965,3,1.320,0.195,-0.169,0.073,-0.163,0.055,-0.037,0.056,-0.010,0.041
1965,4,-0.658,0.173,-0.089,0.078,-0.101,0.055,-0.034,0.056,0.002,0.041
1965,5,-0.620,0.209,-0.273,0.087,-0.068,0.054,-0.032,0.056,0.004,0.040
1965,6,-0.404,0.292,-0.472,0.083,-0.047,0.055,-0.041,0.056,0.006,0.040
1965,7,-0.114,0.299,-0.600,0.085,-0.083,0.056,-0.037,0.056,0.007,0.040
1965,8,-0.150,0.129,-0.832,0.084,-0.093,0.057,-0.040,0.056,0.005,0.040
1965,9,0.239,0.190,-1.054,0.089,-0.001,0.058,-0.033,0.056,0.010,0.040
1965,10,0.437,0.294,-1.141,0.084,0.043,0.059,-0.030,0.056,0.006,0.040
1965,11,-2.826,0.235,-1.057,0.099,0.062,0.061,-0.014,0.056,0.007,0.040
1965,12,-1.359,0.191,-1.038,0.114,0.065,0.062,-0.032,0.055,0.030,0.041
1966,1,-1.758,0.219,-1.061,0.103,0.054,0.065,-0.014,0.055,0.037,0.040
1966,2,-4.092,0.138,-1.024,0.118,0.048,0.067,-0.057,0.054,0.035,0.040
1966,3,-1.338,0.201,-1.013,0.134,0.027,0.071,-0.085,0.054,0.033,0.040
1966,4,-1.710,0.217,-1.094,0.124,-0.006,0.071,-0.092,0.054,0.047,0.040
1966,5,0.394,0.226,-0.870,0.110,-0.099,0.070,-0.089,0.054,0.048,0.041
1966,6,-0.183,0.307,-0.887,0.102,-0.165,0.069,-0.088,0.054,0.044,0.041
1966,7,-0.381,0.215,-0.805,0.096,-0.249,0.072,-0.088,0.055,0.042,0.039
1966,8,0.289,0.255,-0.470,0.095,-0.355,0.071,-0.084,0.055,0.043,0.039
1966,9,0.376,0.300,-0.134,0.090,-0.361,0.071,-0.079,0.055,0.047,0.039
1966,10,-0.535,0.151,0.171,0.084,-0.336,0.068,-0.069,0.055,0.035,0.039
1966,11,-0.143,0.135,0.268,0.086,-0.356,0.066,-0.044,0.056,0.032,0.039
1966,12,-1.563,0.170,0.297,0.078,-0.368,0.066,-0.037,0.056,0.023,0.039
1967,1,-0.777,0.165,0.377,0.084,-0.360,0.065,-0.103,0.057,0.008,0.039
1967,2,-0.071,0.213,0.336,0.084,-0.361,0.068,-0.127,0.056,-0.003,0.038
1967,3,2.697,0.269,0.261,0.074,-0.371,0.070,-0.136,0.055,0.007,0.038
1967,4,1.953,0.264,0.613,0.076,-0.375,0.069,-0.138,0.056,0.016,0.038
1967,5,1.552,0.238,0.795,0.082,-0.334,0.070,-0.154,0.056,0.018,0.038
1967,6,0.166,0.165,1.059,0.085,-0.364,0.070,-0.150,0.056,0.020,0.038
1967,7,0.575,0.322,1.082,0.091,-0.364,0.069,-0.155,0.056,0.020,0.039
1967,8,-0.192,0.284,1.330,0.096,-0.334,0.070,-0.152,0.055,0.016,0.039
1967,9,-0.530,0.202,1.477,0.106,-0.352,0.069,-0.161,0.054,0.014,0.041
1967,10,3.691,0.163,1.417,0.102,-0.340,0.067,-0.156,0.054,0.004,0.041
1967,11,2.040,0.130,1.349,0.093,-0.341,0.071,-0.174,0.054,0.019,0.041
1967,12,1.603,0.214,1.271,0.093,-0.341,0.071,-0.168,0.053,0.014,0.041
1968,1,-0.494,0.191,1.170,0.087,-0.329,0.069,-0.185,0.053,0.017,0.040
1968,2,2.896,0.215,1.177,0.086,-0.343,0.071,-0.192,0.052,0.013,0.040
1968,3,4.459,0.247,1.121,0.089,-0.334,0.070,-0.175,0.051,0.033,0.039
1968,4,1.239,0.224,0.775,0.086,-0.357,0.068,-0.158,0.051,0.042,0.040
1968,5,0.735,0.132,0.304,0.087,-0.308,0.066,-0.150,0.052,0.043,0.040
1968,6,-0.772,0.211,-0.170,0.086,-0.288,0.066,-0.137,0.052,0.044,0.041
1968,7,-0.632,0.178,-0.483,0.090,-0.220,0.064,-0.140,0.053,0.043,0.041
1968,8,-0.112,0.226,-1.216,0.096,-0.186,0.063,-0.140,0.055,0.039,0.041
1968,9,-1.195,0.270,-1.794,0.110,-0.180,0.062,-0.145,0.056,0.044,0.041
1968,10,-0.470,0.174,-1.991,0.109,-0.164,0.063,-0.161,0.055,0.048,0.041
1968,11,-3.605,0.176,-2.185,0.104,-0.167,0.062,-0.165,0.055,0.064,0.041
1968,12,-4.094,0.148,-2.188,0.103,-0.166,0.061,-0.152,0.054,0.058,0.041
1969,1,-4.247,0.181,-2.085,0.096,-0.161,0.063,-0.171,0.054,0.040,0.040
1969,2,-5.897,0.236,-2.082,0.098,-0.161,0.060,-0.184,0.055,0.027,0.040
1969,3,-2.471,0.182,-2.053,0.093,-0.152,0.057,-0.155,0.054,0.014,0.041
1969,4,-1.130,0.183,-2.078,0.091,-0.129,0.059,-0.129,0.053,0.006,0.040
1969,5,-1.594,0.154,-1.625,0.092,-0.066,0.061,-0.129,0.053,0.009,0.041
1969,6,-0.808,0.143,-1.347,0.093,-0.022,0.064,-0.132,0.052,0.005,0.041
1969,7,0.603,0.244,-1.013,0.090,-0.071,0.065,-0.130,0.051,0.004,0.041
1969,8,-0.074,0.241,-0.481,0.088,-0.048,0.067,-0.126,0.053,-0.002,0.041
1969,9,-0.850,0.258,-0.257,0.082,-0.089,0.066,-0.116,0.053,-0.004,0.040
1969,10,-0.773,0.147,-0.157,0.085,-0.093,0.066,-0.116,0.052,-0.008,0.040
1969,11,1.835,0.155,-0.079,0.089,-0.132,0.066,-0.131,0.052,-0.012,0.041
1969,12,-0.762,0.210,-0.048,0.095,-0.140,0.065,-0.141,0.052,0.004,0.041
1970,1,-0.239,0.147,-0.047,0.087,-0.153,0.064,-0.114,0.052,0.008,0.040
1970,2,0.493,0.202,-0.124,0.097,-0.149,0.063,-0.091,0.052,0.013,0.040
1970,3,0.221,0.238,0.012,0.094,-0.159,0.060,-0.076,0.051,0.015,0.040
1970,4,0.064,0.251,0.001,0.099,-0.211,0.061,-0.052,0.048,0.012,0.039
1970,5,-0.663,0.140,-0.142,0.090,-0.281,0.061,-0.039,0.048,0.014,0.039
1970,6,-0.430,0.317,-0.093,0.080,-0.289,0.062,-0.030,0.048,0.012,0.038
1970,7,0.617,0.135,0.121,0.075,-0.287,0.060,-0.029,0.047,0.011,0.038
1970,8,-1.001,0.239,-0.094,0.082,-0.292,0.060,-0.031,0.049,0.013,0.038
1970,9,0.783,0.167,-0.190,0.073,-0.349,0.060,-0.027,0.049,0.015,0.037
1970,10,-0.907,0.108,-0.261,0.072,-0.358,0.059,-0.027,0.049,0.023,0.037
1970,11,0.122,0.147,-0.187,0.075,-0.362,0.059,0.004,0.047,0.028,0.037
1970,12,-0.171,0.129,-0.164,0.077,-0.339,0.058,0.034,0.047,0.029,0.037
1971,1,2.321,0.130,-0.221,0.082,-0.333,0.057,0.063,0.046,0.046,0.037
1971,2,-2.088,0.183,-0.110,0.073,-0.329,0.056,0.085,0.046,0.043,0.037
1971,3,-0.933,0.136,-0.100,0.069,-0.317,0.053,0.089,0.045,0.034,0.037
1971,4,-0.779,0.219,0.044,0.076,-0.315,0.051,0.114,0.044,0.039,0.037
1971,5,0.219,0.258,0.337,0.092,-0.232,0.050,0.108,0.045,0.041,0.037
1971,6,-0.147,0.185,0.441,0.100,-0.138,0.050,0.108,0.043,0.047,0.038
1971,7,-0.072,0.215,-0.063,0.105,-0.093,0.047,0.105,0.039,0.047,0.037
1971,8,0.328,0.160,0.220,0.100,-0.013,0.047,0.101,0.035,0.052,0.037
1971,9,0.899,0.237,0.317,0.088,0.051,0.045,0.098,0.034,0.049,0.037
1971,10,0.821,0.212,0.525,0.088,0.077,0.045,0.074,0.035,0.054,0.037
1971,11,3.639,0.201,0.443,0.086,0.097,0.045,0.070,0.035,0.057,0.037
1971,12,1.080,0.174,0.429,0.087,0.103,0.044,0.072,0.036,0.067,0.037
1972,1,-3.721,0.187,0.418,0.089,0.100,0.043,0.064,0.036,0.044,0.036
1972,2,1.303,0.165,0.395,0.085,0.110,0.043,0.047,0.036,0.038,0.036
1972,3,0.234,0.252,0.224,0.082,0.138,0.041,0.022,0.037,0.028,0.036
1972,4,1.710,0.185,0.205,0.088,0.142,0.041,0.021,0.035,0.030,0.035
1972,5,-0.760,0.154,-0.278,0.083,0.072,0.041,0.022,0.034,0.026,0.035
1972,6,-0.314,0.262,-0.274,0.080,0.082,0.042,0.030,0.034,0.028,0.035
1972,7,-0.201,0.294,0.003,0.074,0.135,0.043,0.024,0.033,0.027,0.035
1972,8,0.048,0.193,0.112,0.063,0.151,0.043,0.022,0.033,0.027,0.034
1972,9,-1.155,0.273,0.181,0.059,0.201,0.042,0.023,0.033,0.028,0.033
1972,10,0.591,0.320,0.093,0.056,0.235,0.041,-0.028,0.032,0.021,0.033
1972,11,-2.148,0.172,0.197,0.061,0.263,0.038,-0.026,0.032,0.021,0.032
1972,12,1.129,0.206,0.275,0.065,0.281,0.040,-0.043,0.032,0.032,0.033
1973,1,-0.405,0.169,0.267,0.055,0.270,0.041,-0.030,0.032,0.042,0.032
1973,2,2.620,0.142,0.278,0.049,0.281,0.044,-0.051,0.033,0.037,0.032
1973,3,1.051,0.130,0.332,0.052,0.281,0.048,-0.072,0.033,0.052,0.032
1973,4,0.656,0.235,0.253,0.050,0.304,0.047,-0.081,0.033,0.058,0.033
1973,5,0.493,0.179,0.548,0.048,0.316,0.046,-0.096,0.034,0.059,0.032
1973,6,0.624,0.209,0.581,0.051,0.356,0.046,-0.094,0.034,0.063,0.032
1973,7,-0.299,0.212,0.487,0.054,0.345,0.047,-0.095,0.033,0.062,0.032
1973,8,0.181,0.306,0.179,0.061,0.357,0.047,-0.100,0.034,0.063,0.032
1973,9,-0.506,0.099,0.202,0.074,0.357,0.046,-0.094,0.033,0.066,0.032
1973,10,-0.364,0.268,0.186,0.096,0.393,0.043,-0.082,0.033,0.065,0.032
1973,11,1.391,0.100,0.112,0.103,0.383,0.045,-0.017,0.034,0.069,0.032
1973,12,1.527,0.175,0.021,0.102,0.383,0.044,-0.009,0.034,0.083,0.031
1974,1,-1.537,0.187,0.084,0.089,0.372,0.039,0.002,0.033,0.095,0.031
1974,2,-1.066,0.170,0.111,0.092,0.362,0.036,0.045,0.033,0.095,0.031
1974,3,1.325,0.268,0.223,0.102,0.348,0.037,0.064,0.033,0.108,0.031
1974,4,0.461,0.208,0.211,0.100,0.277,0.039,0.054,0.032,0.111,0.030
1974,5,-0.393,0.172,-0.106,0.097,0.207,0.040,0.076,0.034,0.121,0.030
1974,6,-0.473,0.167,-0.244,0.119,0.166,0.041,0.082,0.034,0.122,0.030
1974,7,0.457,0.126,0.128,0.128,0.199,0.041,0.075,0.036,0.123,0.030
1974,8,0.513,0.254,0.338,0.133,0.143,0.041,0.071,0.035,0.121,0.030
1974,9,0.832,0.245,0.496,0.111,0.134,0.040,0.079,0.036,0.123,0.030
1974,10,-0.510,0.111,0.634,0.098,0.136,0.041,0.074,0.036,0.125,0.030
1974,11,-2.401,0.179,0.752,0.096,0.176,0.042,0.056,0.037,0.119,0.029
1974,12,-0.133,0.333,0.844,0.088,0.201,0.042,0.078,0.036,0.106,0.029
1975,1,2.931,0.190,0.803,0.091,0.202,0.042,0.076,0.036,0.101,0.029
1975,2,1.452,0.250,0.730,0.098,0.193,0.043,0.084,0.036,0.100,0.029
1975,3,3.216,0.195,0.727,0.103,0.206,0.045,0.068,0.035,0.094,0.029
1975,4,2.118,0.206,0.806,0.100,0.155,0.046,0.059,0.035,0.099,0.028
1975,5,1.020,0.161,1.078,0.097,0.229,0.047,0.060,0.035,0.099,0.028
1975,6,0.631,0.260,1.276,0.093,0.202,0.046,0.065,0.036,0.101,0.028
1975,7,-0.027,0.235,1.171,0.092,0.227,0.047,0.058,0.036,0.098,0.028
1975,8,-0.363,0.401,0.934,0.082,0.190,0.049,0.067,0.037,0.100,0.028
1975,9,0.790,0.230,0.590,0.076,0.205,0.049,0.063,0.037,0.099,0.027
1975,10,0.445,0.129,0.528,0.077,0.196,0.051,0.076,0.037,0.101,0.027
1975,11,0.855,0.139,0.414,0.084,0.171,0.053,0.071,0.037,0.120,0.026
1975,12,2.250,0.168,0.347,0.077,0.151,0.054,0.089,0.037,0.125,0.027
1976,1,1.668,0.167,0.286,0.066,0.144,0.054,0.106,0.038,0.135,0.026
1976,2,-1.395,0.112,0.296,0.101,0.128,0.055,0.143,0.038,0.158,0.026
1976,3,-0.907,0.166,0.237,0.109,0.130,0.055,0.153,0.039,0.171,0.026
1976,4,1.366,0.189,-0.087,0.095,0.152,0.054,0.171,0.039,0.182,0.026
1976,5,-0.350,0.268,-0.207,0.088,0.199,0.054,0.172,0.039,0.179,0.027
1976,6,-0.167,0.280,-0.510,0.092,0.121,0.054,0.182,0.039,0.182,0.027
1976,7,-0.756,0.520,-0.793,0.088,0.097,0.055,0.183,0.038,0.183,0.027
1976,8,-0.245,0.482,-0.851,0.088,0.102,0.054,0.188,0.038,0.182,0.026
1976,9,0.074,0.115,-0.799,0.088,0.077,0.054,0.177,0.038,0.178,0.026
1976,10,-3.441,0.216,-0.763,0.078,0.032,0.054,0.178,0.038,0.185,0.026
1976,11,-0.585,0.115,-0.593,0.096,0.054,0.057,0.159,0.038,0.196,0.026
1976,12,-1.381,0.139,-0.482,0.091,0.061,0.056,0.172,0.038,0.196,0.026
1977,1,-1.730,0.230,-0.432,0.071,0.050,0.058,0.191,0.038,0.188,0.027
1977,2,-2.088,0.120,-0.450,0.070,0.032,0.059,0.203,0.039,0.192,0.027
1977,3,-0.282,0.178,-0.488,0.075,0.019,0.060,0.191,0.040,0.178,0.028
1977,4,1.796,0.135,-0.409,0.080,0.006,0.060,0.198,0.039,0.163,0.027
1977,5,1.686,0.398,-0.165,0.075,0.041,0.058,0.206,0.039,0.158,0.027
1977,6,1.165,0.157,-0.094,0.074,0.074,0.055,0.206,0.040,0.153,0.027
1977,7,-0.159,0.182,0.140,0.075,0.017,0.053,0.208,0.041,0.150,0.027
1977,8,-0.456,0.245,0.351,0.077,0.016,0.054,0.207,0.041,0.151,0.027
1977,9,-0.379,0.173,0.536,0.075,-0.065,0.053,0.217,0.041,0.150,0.027
1977,10,-2.491,0.208,0.395,0.078,-0.118,0.054,0.197,0.041,0.135,0.027
1977,11,2.333,0.150,0.172,0.087,-0.143,0.055,0.215,0.042,0.112,0.027
1977,12,-0.525,0.209,0.025,0.089,-0.151,0.056,0.231,0.043,0.100,0.027
1978,1,1.077,0.154,-0.022,0.102,-0.154,0.058,0.269,0.043,0.108,0.028
1978,2,0.447,0.204,-0.049,0.097,-0.146,0.064,0.267,0.044,0.098,0.028
1978,3,1.936,0.151,-0.048,0.097,-0.156,0.067,0.280,0.044,0.084,0.029
1978,4,0.109,0.133,0.238,0.090,-0.151,0.068,0.274,0.043,0.079,0.029
1978,5,-0.992,0.139,0.395,0.091,-0.174,0.067,0.268,0.043,0.078,0.029
1978,6,-0.601,0.153,0.176,0.093,-0.177,0.067,0.262,0.044,0.084,0.029
1978,7,-0.719,0.346,-0.163,0.092,-0.133,0.068,0.264,0.043,0.091,0.028
1978,8,-0.783,0.150,-0.262,0.083,-0.071,0.068,0.267,0.043,0.092,0.028
1978,9,-0.370,0.217,-0.439,0.090,-0.050,0.069,0.278,0.043,0.102,0.027
1978,10,0.949,0.116,-0.635,0.088,-0.052,0.069,0.290,0.042,0.111,0.027
1978,11,4.208,0.188,-0.473,0.105,-0.039,0.070,0.304,0.041,0.132,0.027
1978,12,-3.146,0.199,-0.428,0.108,-0.019,0.069,0.319,0.042,0.163,0.028
1979,1,-2.997,0.135,-0.388,0.095,-0.006,0.064,0.362,0.042,0.185,0.027
1979,2,-0.738,0.094,-0.368,0.091,0.013,0.061,0.373,0.042,0.233,0.027
1979,3,-0.191,0.204,-0.330,0.094,0.006,0.062,0.371,0.042,0.264,0.027
1979,4,-2.242,0.202,-0.517,0.103,0.079,0.064,0.352,0.043,0.268,0.027
1979,5,0.951,0.422,-0.895,0.098,0.110,0.063,0.370,0.044,0.280,0.027
1979,6,-0.062,0.212,-0.480,0.093,0.177,0.063,0.377,0.044,0.286,0.027
1979,7,-0.232,0.177,-0.270,0.085,0.182,0.065,0.376,0.044,0.284,0.027
1979,8,-0.540,0.204,-0.093,0.086,0.263,0.066,0.368,0.045,0.284,0.027
1979,9,0.077,0.117,-0.214,0.076,0.249,0.066,0.363,0.045,0.287,0.027
1979,10,-1.286,0.194,-0.115,0.086,0.261,0.065,0.366,0.044,0.293,0.027
1979,11,-0.331,0.221,-0.235,0.075,0.236,0.067,0.369,0.044,0.287,0.027
1979,12,1.836,0.176,-0.219,0.089,0.211,0.068,0.353,0.044,0.298,0.027
1980,1,-0.484,0.151,-0.214,0.097,0.215,0.071,0.317,0.045,0.292,0.028
1980,2,1.392,0.208,-0.162,0.124,0.221,0.072,0.292,0.045,0.302,0.028
1980,3,-1.644,0.317,-0.149,0.136,0.228,0.071,0.264,0.043,0.327,0.029
1980,4,-1.063,0.429,0.017,0.154,0.240,0.071,0.250,0.042,0.339,0.029
1980,5,-0.488,0.220,0.002,0.171,0.201,0.073,0.236,0.042,0.349,0.029
1980,6,0.137,0.301,0.021,0.181,0.260,0.074,0.233,0.042,0.353,0.030
1980,7,-0.179,0.190,0.421,0.177,0.311,0.073,0.225,0.043,0.353,0.030
1980,8,0.093,0.485,0.500,0.168,0.344,0.073,0.230,0.045,0.359,0.030
1980,9,0.234,0.151,0.664,0.160,0.354,0.074,0.225,0.046,0.353,0.030
1980,10,0.704,0.151,0.861,0.141,0.352,0.073,0.228,0.046,0.362,0.030
1980,11,-0.518,0.229,0.937,0.129,0.365,0.072,0.235,0.045,0.363,0.030
1980,12,2.069,0.193,1.010,0.113,0.374,0.073,0.215,0.045,0.370,0.031
1981,1,4.309,0.169,1.028,0.103,0.385,0.068,0.207,0.047,0.371,0.031
1981,2,2.351,0.137,1.094,0.082,0.405,0.067,0.231,0.047,0.383,0.031
1981,3,0.315,0.221,1.044,0.076,0.426,0.067,0.253,0.046,0.382,0.032
1981,4,1.301,0.174,1.064,0.077,0.427,0.066,0.250,0.044,0.395,0.032
1981,5,0.426,0.207,1.214,0.068,0.408,0.065,0.250,0.045,0.400,0.031
1981,6,1.016,0.125,1.262,0.065,0.516,0.063,0.255,0.043,0.406,0.031
1981,7,0.037,0.143,0.786,0.070,0.627,0.062,0.261,0.040,0.411,0.030
1981,8,0.879,0.103,0.818,0.080,0.644,0.063,0.263,0.039,0.413,0.030
1981,9,-0.358,0.211,0.697,0.074,0.664,0.061,0.258,0.038,0.412,0.030
1981,10,0.944,0.198,0.797,0.065,0.672,0.061,0.296,0.039,0.416,0.030
1981,11,1.285,0.131,0.781,0.064,0.687,0.057,0.321,0.038,0.413,0.030
1981,12,2.641,0.127,0.665,0.066,0.694,0.056,0.320,0.039,0.407,0.030
1982,1,-1.409,0.201,0.672,0.070,0.703,0.057,0.312,0.040,0.435,0.030
1982,2,2.744,0.221,0.588,0.074,0.704,0.058,0.338,0.040,0.445,0.030
1982,3,-1.145,0.161,0.625,0.067,0.706,0.058,0.333,0.040,0.451,0.029
1982,4,2.511,0.147,0.398,0.069,0.726,0.058,0.306,0.040,0.440,0.029
1982,5,0.232,0.226,0.290,0.073,0.697,0.061,0.293,0.041,0.449,0.029
1982,6,-0.376,0.228,0.320,0.082,0.632,0.062,0.276,0.041,0.446,0.029
1982,7,0.118,0.156,0.784,0.076,0.616,0.062,0.275,0.043,0.445,0.029
1982,8,-0.129,0.144,0.755,0.069,0.569,0.059,0.280,0.042,0.444,0.029
1982,9,0.088,0.125,1.064,0.071,0.593,0.054,0.277,0.043,0.445,0.029
1982,10,-1.790,0.145,0.854,0.073,0.618,0.048,0.298,0.044,0.441,0.030
1982,11,-0.002,0.320,0.817,0.070,0.616,0.045,0.249,0.044,0.444,0.030
1982,12,3.001,0.314,0.842,0.068,0.617,0.043,0.243,0.043,0.446,0.031
1983,1,4.152,0.132,0.826,0.061,0.605,0.042,0.246,0.044,0.463,0.031
1983,2,2.395,0.175,0.874,0.058,0.607,0.040,0.246,0.044,0.471,0.031
1983,3,2.570,0.176,0.939,0.064,0.606,0.039,0.240,0.044,0.478,0.031
1983,4,-0.016,0.181,1.174,0.066,0.607,0.038,0.240,0.043,0.476,0.031
1983,5,-0.211,0.217,1.431,0.061,0.645,0.038,0.252,0.044,0.475,0.030
1983,6,-0.076,0.199,1.457,0.080,0.608,0.037,0.263,0.045,0.474,0.030
1983,7,-0.072,0.158,1.414,0.073,0.547,0.039,0.276,0.043,0.478,0.030
1983,8,0.450,0.104,1.239,0.071,0.533,0.040,0.285,0.043,0.477,0.030
1983,9,0.868,0.218,1.111,0.066,0.556,0.037,0.297,0.043,0.476,0.030
1983,10,1.031,0.283,0.963,0.052,0.552,0.036,0.304,0.044,0.478,0.031
1983,11,3.077,0.171,1.134,0.042,0.539,0.036,0.280,0.045,0.465,0.031
1983,12,3.319,0.158,1.171,0.050,0.530,0.035,0.334,0.044,0.456,0.032
1984,1,3.638,0.238,1.205,0.049,0.529,0.034,0.368,0.043,0.464,0.032
1984,2,0.285,0.184,1.126,0.047,0.512,0.033,0.422,0.043,0.468,0.032
1984,3,1.035,0.141,1.069,0.046,0.510,0.032,0.464,0.043,0.469,0.032
1984,4,-1.791,0.301,0.975,0.055,0.512,0.035,0.482,0.044,0.470,0.033
1984,5,1.838,0.108,0.546,0.049,0.532,0.037,0.483,0.041,0.473,0.033
1984,6,0.375,0.253,0.101,0.042,0.463,0.039,0.489,0.042,0.479,0.033
1984,7,0.338,0.222,-0.323,0.048,0.441,0.040,0.492,0.042,0.477,0.033
1984,8,-0.505,0.195,-0.468,0.059,0.412,0.040,0.497,0.042,0.474,0.034
1984,9,0.186,0.174,-0.572,0.054,0.418,0.040,0.495,0.043,0.474,0.034
1984,10,-0.096,0.249,-0.385,0.064,0.351,0.039,0.512,0.045,0.488,0.034
1984,11,-2.075,0.215,-0.588,0.074,0.349,0.038,0.518,0.047,0.497,0.034
1984,12,-2.015,0.191,-0.606,0.090,0.342,0.038,0.517,0.047,0.494,0.035
1985,1,-1.454,0.145,-0.707,0.086,0.335,0.036,0.508,0.048,0.498,0.035
1985,2,-1.456,0.162,-0.646,0.097,0.339,0.035,0.520,0.047,0.523,0.035
1985,3,-0.212,0.140,-0.647,0.093,0.326,0.036,0.587,0.046,0.521,0.035
1985,4,0.450,0.189,-0.575,0.104,0.356,0.037,0.619,0.044,0.524,0.035
1985,5,-0.592,0.171,-0.257,0.103,0.297,0.037,0.637,0.043,0.524,0.034
1985,6,0.165,0.222,-0.101,0.091,0.226,0.039,0.642,0.041,0.524,0.035
1985,7,-0.881,0.160,0.073,0.094,0.181,0.038,0.648,0.040,0.525,0.035
1985,8,0.225,0.186,0.322,0.088,0.148,0.038,0.651,0.039,0.531,0.035
1985,9,0.179,0.224,0.478,0.088,0.125,0.037,0.643,0.039,0.531,0.035
1985,10,0.763,0.324,0.532,0.081,0.128,0.035,0.648,0.039,0.538,0.035
1985,11,1.742,0.197,0.551,0.083,0.139,0.034,0.654,0.038,0.547,0.035
1985,12,-0.136,0.167,0.576,0.077,0.151,0.034,0.650,0.038,0.544,0.036
1986,1,0.628,0.197,0.646,0.079,0.168,0.036,0.636,0.038,0.541,0.037
1986,2,1.532,0.130,0.621,0.074,0.165,0.036,0.622,0.038,0.557,0.036
1986,3,1.667,0.204,0.566,0.072,0.169,0.038,0.611,0.038,0.567,0.036
1986,4,1.094,0.181,0.590,0.085,0.180,0.041,0.619,0.038,0.560,0.035
1986,5,-0.360,0.174,0.649,0.093,0.152,0.041,0.627,0.037,0.565,0.036
1986,6,0.461,0.231,0.536,0.092,0.152,0.040,0.629,0.037,0.565,0.035
1986,7,-0.038,0.161,0.259,0.103,0.110,0.037,0.639,0.036,0.572,0.034
1986,8,-0.082,0.247,0.215,0.099,0.200,0.036,0.638,0.036,0.570,0.033
1986,9,-0.483,0.155,0.010,0.089,0.264,0.037,0.647,0.036,0.564,0.033
1986,10,1.052,0.179,-0.208,0.081,0.292,0.039,0.654,0.036,0.580,0.033
1986,11,2.448,0.177,-0.167,0.071,0.280,0.038,0.668,0.036,0.595,0.034
1986,12,-1.490,0.177,-0.275,0.065,0.285,0.042,0.643,0.036,0.600,0.033
1987,1,-2.698,0.183,-0.295,0.061,0.282,0.041,0.678,0.036,0.609,0.034
1987,2,1.013,0.183,-0.278,0.052,0.289,0.040,0.687,0.035,0.629,0.034
1987,3,-0.800,0.126,-0.296,0.059,0.285,0.041,0.711,0.034,0.644,0.034
1987,4,-1.515,0.176,-0.385,0.066,0.297,0.045,0.682,0.034,0.654,0.034
1987,5,0.132,0.207,-0.881,0.072,0.340,0.045,0.691,0.033,0.653,0.034
1987,6,-0.839,0.166,-0.864,0.076,0.403,0.046,0.687,0.033,0.650,0.034
1987,7,-0.271,0.240,-0.518,0.081,0.400,0.046,0.681,0.032,0.648,0.034
1987,8,0.118,0.133,-0.568,0.083,0.472,0.048,0.680,0.032,0.652,0.034
1987,9,-0.696,0.211,-0.400,0.078,0.581,0.049,0.673,0.032,0.654,0.034
1987,10,-0.027,0.145,-0.262,0.069,0.620,0.050,0.685,0.033,0.675,0.034
1987,11,-3.504,0.131,-0.236,0.085,0.658,0.050,0.672,0.032,0.665,0.034
1987,12,-1.280,0.184,-0.111,0.089,0.668,0.051,0.661,0.033,0.659,0.034
1988,1,1.458,0.130,-0.010,0.082,0.691,0.050,0.658,0.032,0.657,0.033
1988,2,0.414,0.158,0.003,0.088,0.694,0.050,0.674,0.032,0.658,0.033
1988,3,1.209,0.260,0.153,0.078,0.680,0.052,0.677,0.032,0.658,0.033
1988,4,0.139,0.159,0.299,0.087,0.689,0.055,0.677,0.031,0.654,0.033
1988,5,0.448,0.211,0.703,0.092,0.664,0.058,0.681,0.031,0.657,0.034
1988,6,0.662,0.214,1.087,0.098,0.693,0.058,0.686,0.030,0.664,0.033
1988,7,0.942,0.189,1.059,0.094,0.725,0.058,0.692,0.030,0.673,0.033
1988,8,0.269,0.240,1.496,0.095,0.712,0.058,0.688,0.031,0.681,0.032
1988,9,1.105,0.185,1.805,0.099,0.666,0.057,0.673,0.031,0.679,0.032
1988,10,1.722,0.256,1.785,0.110,0.686,0.059,0.666,0.033,0.672,0.032
1988,11,1.348,0.153,1.841,0.103,0.714,0.059,0.626,0.034,0.639,0.033
1988,12,3.330,0.203,1.840,0.108,0.729,0.060,0.594,0.034,0.656,0.032
1989,1,1.122,0.231,1.773,0.105,0.750,0.057,0.566,0.034,0.670,0.032
1989,2,5.663,0.127,1.748,0.098,0.763,0.055,0.564,0.034,0.686,0.032
1989,3,4.913,0.198,1.649,0.101,0.783,0.055,0.567,0.034,0.674,0.032
1989,4,-0.110,0.209,1.560,0.101,0.797,0.055,0.589,0.034,0.685,0.032
1989,5,1.124,0.225,1.486,0.100,0.805,0.055,0.576,0.035,0.683,0.031
1989,6,0.646,0.192,1.355,0.093,0.823,0.054,0.580,0.037,0.685,0.031
1989,7,0.142,0.159,1.128,0.090,0.915,0.053,0.577,0.036,0.691,0.031
1989,8,-0.034,0.106,0.892,0.090,0.961,0.053,0.580,0.035,0.692,0.031
1989,9,-0.079,0.143,1.012,0.083,1.003,0.052,0.585,0.035,0.691,0.031
1989,10,0.650,0.175,1.253,0.085,1.014,0.049,0.609,0.036,0.701,0.032
1989,11,0.465,0.188,1.303,0.084,1.033,0.050,0.626,0.035,0.702,0.032
1989,12,1.755,0.158,1.309,0.077,1.032,0.048,0.635,0.035,0.707,0.032
1990,1,-1.606,0.140,1.340,0.071,1.028,0.046,0.679,0.035,0.709,0.032
1990,2,2.831,0.106,1.379,0.074,1.021,0.046,0.753,0.035,0.720,0.031
1990,3,6.360,0.186,1.327,0.071,1.019,0.043,0.779,0.036,0.738,0.031
1990,4,2.785,0.184,1.382,0.063,1.014,0.043,0.799,0.036,0.756,0.029
1990,5,1.714,0.192,1.363,0.057,1.046,0.043,0.811,0.036,0.762,0.029
1990,6,0.724,0.188,1.350,0.061,1.097,0.045,0.815,0.036,0.768,0.028
1990,7,0.518,0.150,1.700,0.061,1.135,0.046,0.824,0.035,0.771,0.028
1990,8,0.431,0.234,1.523,0.062,1.201,0.045,0.832,0.034,0.774,0.027
1990,9,-0.698,0.384,0.902,0.065,1.228,0.045,0.836,0.034,0.773,0.027
1990,10,1.309,0.111,0.864,0.067,1.226,0.045,0.849,0.035,0.769,0.027
1990,11,0.230,0.313,0.831,0.071,1.224,0.043,0.859,0.036,0.766,0.027
1990,12,1.597,0.222,0.881,0.064,1.220,0.041,0.872,0.036,0.749,0.026
1991,1,2.597,0.131,0.941,0.064,1.216,0.040,0.874,0.036,0.727,0.026
1991,2,0.710,0.145,0.964,0.059,1.211,0.040,0.882,0.035,0.718,0.026
1991,3,-1.095,0.157,1.081,0.055,1.177,0.040,0.881,0.035,0.721,0.026
1991,4,2.328,0.160,1.128,0.054,1.152,0.040,0.869,0.035,0.720,0.026
1991,5,1.318,0.187,1.352,0.048,1.100,0.039,0.880,0.035,0.727,0.025
1991,6,1.329,0.129,1.188,0.049,1.036,0.040,0.875,0.035,0.728,0.025
1991,7,1.235,0.146,1.207,0.047,1.022,0.043,0.883,0.036,0.734,0.025
1991,8,0.702,0.232,1.460,0.048,0.928,0.045,0.878,0.035,0.735,0.025
1991,9,0.717,0.152,1.697,0.051,0.871,0.042,0.869,0.035,0.736,0.025
1991,10,1.864,0.119,1.429,0.056,0.886,0.041,0.865,0.035,0.733,0.026
1991,11,2.928,0.107,1.426,0.052,0.871,0.044,0.869,0.036,0.743,0.026
1991,12,-0.376,0.177,1.240,0.053,0.875,0.043,0.880,0.035,0.732,0.026
1992,1,2.820,0.115,1.094,0.049,0.873,0.044,0.906,0.036,0.749,0.026
1992,2,3.746,0.135,1.012,0.051,0.870,0.043,0.920,0.036,0.757,0.027
1992,3,1.756,0.191,0.886,0.057,0.886,0.043,0.954,0.036,0.783,0.027
1992,4,-0.889,0.178,0.701,0.060,0.921,0.042,1.003,0.036,0.777,0.027
1992,5,1.284,0.192,0.328,0.075,0.912,0.042,1.013,0.035,0.781,0.027
1992,6,-0.903,0.187,0.503,0.071,0.868,0.041,1.024,0.035,0.788,0.027
1992,7,-0.523,0.128,0.580,0.080,0.958,0.041,1.021,0.034,0.792,0.027
1992,8,-0.284,0.179,0.634,0.078,1.034,0.041,1.023,0.034,0.794,0.027
1992,9,-0.786,0.163,0.723,0.077,0.977,0.042,1.031,0.034,0.794,0.027
1992,10,-0.363,0.234,0.799,0.082,0.977,0.041,1.053,0.033,0.803,0.028
1992,11,-1.546,0.291,0.719,0.072,0.964,0.039,1.081,0.034,0.807,0.027
1992,12,1.725,0.327,0.832,0.074,0.963,0.039,1.076,0.034,0.781,0.027
1993,1,3.746,0.345,0.932,0.067,0.957,0.040,1.067,0.033,0.771,0.027
1993,2,4.389,0.131,0.952,0.073,0.970,0.041,1.071,0.033,0.768,0.027
1993,3,2.829,0.144,0.943,0.078,0.992,0.038,1.076,0.033,0.769,0.028
1993,4,0.020,0.120,0.990,0.069,1.008,0.039,1.068,0.034,0.774,0.027
1993,5,0.322,0.163,0.971,0.062,1.055,0.039,1.062,0.034,0.782,0.027
1993,6,0.459,0.163,0.786,0.065,1.052,0.037,1.065,0.033,0.784,0.027
1993,7,0.674,0.154,0.498,0.076,1.023,0.037,1.070,0.032,0.787,0.027
1993,8,-0.042,0.215,0.130,0.075,1.052,0.036,1.078,0.032,0.791,0.027
1993,9,-0.897,0.122,0.019,0.073,1.097,0.037,1.060,0.031,0.793,0.028
1993,10,0.203,0.160,0.083,0.075,1.052,0.036,1.041,0.030,0.797,0.028
1993,11,-1.775,0.248,0.077,0.078,1.046,0.036,0.998,0.030,0.785,0.028
1993,12,-0.496,0.242,0.114,0.077,1.022,0.036,0.977,0.030,0.787,0.028
1994,1,0.290,0.222,0.059,0.083,1.015,0.037,0.971,0.031,0.782,0.028
1994,2,-0.029,0.219,0.046,0.075,0.992,0.039,0.951,0.032,0.789,0.028
1994,3,1.494,0.192,0.191,0.074,0.955,0.040,0.884,0.031,0.790,0.028
1994,4,0.796,0.139,0.403,0.073,0.934,0.044,0.887,0.032,0.796,0.028
1994,5,0.243,0.136,0.548,0.073,0.933,0.045,0.883,0.034,0.793,0.029
1994,6,0.911,0.183,0.512,0.060,0.936,0.045,0.880,0.034,0.793,0.029
1994,7,0.007,0.133,0.806,0.054,0.898,0.045,0.889,0.033,0.793,0.029
1994,8,-0.200,0.106,1.423,0.053,0.879,0.044,0.887,0.033,0.795,0.029
1994,9,0.843,0.147,1.546,0.063,0.904,0.044,0.886,0.034,0.798,0.029
1994,10,2.752,0.181,1.710,0.067,0.992,0.044,0.891,0.034,0.800,0.030
1994,11,-0.033,0.217,1.769,0.063,0.994,0.043,0.886,0.033,0.824,0.029
1994,12,-0.933,0.160,1.746,0.062,1.016,0.044,0.897,0.032,0.827,0.029
1995,1,3.825,0.139,1.759,0.059,1.015,0.043,0.910,0.032,0.848,0.029
1995,2,7.373,0.167,1.875,0.058,1.026,0.045,0.920,0.032,0.856,0.029
1995,3,2.972,0.166,1.858,0.058,1.042,0.044,0.888,0.033,0.862,0.029
1995,4,2.763,0.157,1.819,0.056,1.092,0.045,0.892,0.033,0.867,0.029
1995,5,0.950,0.203,2.076,0.059,1.115,0.044,0.887,0.033,0.879,0.029
1995,6,0.638,0.151,2.269,0.059,1.055,0.042,0.894,0.034,0.884,0.029
1995,7,0.154,0.147,2.025,0.057,0.999,0.041,0.893,0.034,0.892,0.029
1995,8,1.193,0.144,1.615,0.061,0.940,0.041,0.897,0.035,0.894,0.029
1995,9,0.647,0.163,1.501,0.052,0.924,0.043,0.903,0.035,0.901,0.029
1995,10,2.280,0.196,1.241,0.052,0.909,0.043,0.891,0.035,0.910,0.029
1995,11,3.045,0.219,1.237,0.053,0.900,0.045,0.877,0.035,0.921,0.029
1995,12,1.389,0.146,1.178,0.053,0.910,0.044,0.848,0.034,0.927,0.029
1996,1,0.890,0.179,1.233,0.064,0.924,0.043,0.818,0.034,0.913,0.029
1996,2,2.456,0.133,1.077,0.070,0.945,0.040,0.813,0.034,0.909,0.028
1996,3,1.605,0.156,0.897,0.070,0.944,0.039,0.831,0.035,0.907,0.029
1996,4,-0.358,0.149,0.757,0.074,0.930,0.039,0.821,0.034,0.896,0.029
1996,5,0.910,0.135,0.740,0.074,0.897,0.039,0.827,0.034,0.901,0.029
1996,6,-0.080,0.186,0.612,0.076,0.918,0.039,0.828,0.035,0.907,0.029
1996,7,0.820,0.182,0.580,0.078,0.920,0.039,0.829,0.035,0.908,0.030
1996,8,-0.675,0.141,0.593,0.072,0.974,0.041,0.832,0.036,0.910,0.030
1996,9,-1.523,0.126,0.731,0.074,0.897,0.041,0.824,0.036,0.917,0.030
1996,10,0.612,0.227,1.128,0.078,0.888,0.043,0.811,0.037,0.914,0.030
1996,11,2.840,0.242,1.167,0.082,0.895,0.044,0.818,0.037,0.911,0.030
1996,12,-0.155,0.151,1.207,0.087,0.885,0.043,0.821,0.036,0.933,0.030
1997,1,0.507,0.213,1.091,0.078,0.905,0.043,0.820,0.036,0.972,0.030
1997,2,2.611,0.134,1.178,0.080,0.903,0.044,0.828,0.037,0.967,0.030
1997,3,3.266,0.128,1.321,0.078,0.887,0.044,0.856,0.037,0.983,0.031
1997,4,4.399,0.181,1.490,0.073,0.862,0.045,0.871,0.037,1.007,0.031
1997,5,1.389,0.187,1.241,0.070,0.859,0.045,0.871,0.037,1.013,0.031
1997,6,0.400,0.174,1.095,0.060,0.927,0.045,0.889,0.037,1.019,0.032
1997,7,-0.582,0.235,1.087,0.058,0.861,0.045,0.903,0.038,1.024,0.032
1997,8,0.375,0.179,0.941,0.061,0.807,0.045,0.909,0.040,1.031,0.033
1997,9,0.193,0.140,0.824,0.066,0.799,0.046,0.916,0.040,1.040,0.033
1997,10,2.642,0.149,0.384,0.065,0.807,0.046,0.922,0.041,1.053,0.033
1997,11,-0.151,0.154,0.247,0.069,0.811,0.045,0.942,0.040,1.078,0.034
1997,12,-1.914,0.196,0.306,0.067,0.825,0.047,0.900,0.040,1.097,0.034
1998,1,0.421,0.192,0.478,0.063,0.830,0.048,0.884,0.038,1.098,0.034
1998,2,0.856,0.153,0.547,0.068,0.824,0.049,0.861,0.039,1.115,0.035
1998,3,1.863,0.125,0.451,0.067,0.814,0.049,0.861,0.040,1.131,0.035
1998,4,-0.879,0.184,0.178,0.074,0.774,0.049,0.872,0.040,1.134,0.036
1998,5,-0.260,0.208,-0.122,0.071,0.699,0.047,0.882,0.041,1.137,0.036
1998,6,1.104,0.188,0.103,0.075,0.645,0.047,0.881,0.040,1.139,0.036
1998,7,1.482,0.166,0.101,0.072,0.614,0.048,0.883,0.041,1.138,0.037
1998,8,1.204,0.167,0.296,0.069,0.573,0.048,0.894,0.041,1.141,0.037
1998,9,-0.957,0.110,-0.118,0.068,0.565,0.049,0.912,0.042,1.137,0.037
1998,10,-0.630,0.188,-0.021,0.069,0.591,0.047,0.928,0.042,1.145,0.038
1998,11,-3.756,0.245,0.055,0.070,0.609,0.048,0.943,0.043,1.153,0.038
1998,12,0.793,0.153,-0.014,0.069,0.633,0.049,0.981,0.043,1.148,0.038
1999,1,0.392,0.108,-0.035,0.072,0.642,0.048,0.998,0.043,1.153,0.038
1999,2,3.198,0.162,-0.161,0.073,0.671,0.048,1.014,0.043,1.125,0.038
1999,3,-3.104,0.167,-0.094,0.077,0.694,0.050,1.013,0.044,1.111,0.039
1999,4,0.280,0.212,0.064,0.083,0.688,0.049,1.004,0.044,1.121,0.039
1999,5,0.650,0.194,0.358,0.084,0.703,0.049,1.009,0.044,1.120,0.039
1999,6,0.285,0.158,0.554,0.081,0.706,0.049,1.006,0.044,1.121,0.040
1999,7,1.230,0.148,0.514,0.080,0.742,0.049,1.008,0.045,1.122,0.041
1999,8,-0.306,0.157,0.589,0.081,0.777,0.051,1.010,0.046,1.124,0.042
1999,9,-0.162,0.139,1.058,0.083,0.807,0.053,1.010,0.046,1.131,0.042
1999,10,1.276,0.174,1.305,0.083,0.751,0.053,0.991,0.047,1.137,0.042
1999,11,-0.230,0.144,1.346,0.082,0.749,0.053,1.021,0.047,1.136,0.042
1999,12,3.143,0.181,1.448,0.085,0.763,0.054,1.020,0.047,1.120,0.041
2000,1,-0.089,0.185,1.382,0.088,0.791,0.055,1.017,0.048,1.122,0.042
2000,2,4.093,0.231,1.480,0.090,0.792,0.056,0.959,0.047,1.103,0.042
2000,3,2.529,0.140,1.495,0.087,0.790,0.057,0.945,0.047,1.079,0.042
2000,4,3.244,0.140,1.378,0.088,0.751,0.057,0.936,0.048,1.071,0.043
2000,5,1.143,0.165,1.278,0.085,0.770,0.057,0.947,0.049,1.074,0.043
2000,6,1.509,0.216,0.862,0.078,0.745,0.057,0.952,0.049,1.078,0.043
2000,7,0.436,0.134,0.787,0.072,0.768,0.054,0.960,0.050,1.082,0.043
2000,8,0.872,0.169,0.448,0.072,0.782,0.053,0.956,0.050,1.086,0.044
2000,9,0.009,0.167,0.328,0.069,0.798,0.053,0.965,0.051,1.090,0.044
2000,10,-0.128,0.187,0.157,0.060,0.834,0.052,0.971,0.051,1.092,0.045
2000,11,-1.430,0.142,0.231,0.058,0.864,0.053,0.982,0.050,1.107,0.045
2000,12,-1.844,0.230,0.218,0.062,0.852,0.054,0.982,0.051,1.096,0.044
2001,1,-0.989,0.160,0.294,0.066,0.841,0.056,0.951,0.052,1.092,0.045
2001,2,0.023,0.164,0.312,0.065,0.844,0.057,0.937,0.052,1.089,0.045
2001,3,1.089,0.124,0.297,0.074,0.881,0.058,0.933,0.053,1.113,0.046
2001,4,1.190,0.146,0.332,0.073,0.927,0.060,0.923,0.053,1.119,0.046
2001,5,2.032,0.157,0.762,0.078,0.990,0.062,0.921,0.053,1.122,0.047
2001,6,1.352,0.208,0.915,0.083,1.044,0.062,0.938,0.053,1.125,0.048
2001,7,1.346,0.157,1.220,0.086,1.076,0.062,0.933,0.054,1.125,0.049
2001,8,1.095,0.176,1.612,0.084,1.055,0.063,0.942,0.054,1.125,0.050
2001,9,-0.178,0.215,1.944,0.091,1.129,0.062,0.966,0.055,1.124,0.050
2001,10,0.294,0.171,1.929,0.100,1.119,0.062,0.962,0.055,1.130,0.050
2001,11,3.735,0.215,1.866,0.101,1.124,0.061,0.954,0.055,1.123,0.050
2001,12,-0.009,0.218,1.856,0.103,1.127,0.061,0.986,0.055,1.138,0.049
2002,1,2.676,0.272,1.834,0.110,1.112,0.063,1.038,0.056,1.132,0.049
2002,2,4.721,0.208,1.780,0.107,1.117,0.063,1.014,0.056,1.121,0.049
2002,3,5.068,0.228,1.801,0.105,1.133,0.064,1.012,0.057,1.116,0.050
2002,4,1.011,0.159,1.805,0.103,1.120,0.067,1.011,0.058,1.132,0.050
2002,5,1.284,0.173,1.572,0.099,1.184,0.067,1.013,0.058,1.138,0.051
2002,6,1.224,0.153,1.292,0.086,1.112,0.066,1.014,0.060,1.153,0.051
2002,7,1.089,0.193,1.220,0.076,1.173,0.067,1.028,0.060,1.161,0.052
2002,8,0.440,0.206,0.966,0.074,1.111,0.066,1.040,0.060,1.164,0.053
2002,9,0.078,0.210,0.777,0.070,1.091,0.066,1.050,0.060,1.174,0.053
2002,10,0.340,0.161,0.802,0.071,1.065,0.067,1.052,0.061,1.183,0.053
2002,11,0.946,0.144,0.821,0.075,1.084,0.067,1.076,0.062,1.200,0.054
2002,12,-3.375,0.186,0.754,0.074,1.079,0.067,1.119,0.062,1.186,0.054
2003,1,1.812,0.181,0.732,0.078,1.090,0.067,1.130,0.062,1.170,0.053
2003,2,1.676,0.261,0.810,0.078,1.087,0.066,1.159,0.061,1.157,0.053
2003,3,2.804,0.199,0.908,0.077,1.117,0.068,1.186,0.062,1.140,0.054
2003,4,1.305,0.177,1.056,0.083,1.167,0.068,1.200,0.062,1.151,0.054
2003,5,1.519,0.208,0.979,0.091,1.265,0.069,1.213,0.063,1.160,0.055
2003,6,0.413,0.182,1.595,0.098,1.319,0.070,1.213,0.064,1.164,0.055
2003,7,0.821,0.198,1.641,0.099,1.288,0.071,1.206,0.064,1.165,0.056
2003,8,1.387,0.168,1.661,0.096,1.300,0.071,1.204,0.064,1.170,0.056
2003,9,1.252,0.195,1.536,0.091,1.302,0.071,1.214,0.064,1.173,0.057
2003,10,2.114,0.186,1.402,0.095,1.256,0.073,1.248,0.065,1.176,0.057
2003,11,0.019,0.199,1.354,0.089,1.233,0.074,1.308,0.066,1.206,0.057
2003,12,4.014,0.183,1.358,0.092,1.243,0.074,1.319,0.065,1.229,0.057
2004,1,2.364,0.175,1.317,0.094,1.224,0.076,1.334,0.065,1.225,0.057
2004,2,1.918,0.124,1.204,0.094,1.212,0.074,1.300,0.066,1.230,0.057
2004,3,1.303,0.141,1.165,0.098,1.237,0.073,1.339,0.066,1.246,0.057
2004,4,-0.296,0.153,1.032,0.105,1.235,0.073,1.354,0.066,1.259,0.058
2004,5,0.934,0.152,1.331,0.106,1.204,0.072,1.357,0.067,1.266,0.058
2004,6,0.461,0.219,0.899,0.101,1.265,0.071,1.362,0.067,1.266,0.059
2004,7,0.338,0.245,0.998,0.103,1.335,0.071,1.354,0.068,1.266,0.060
2004,8,0.031,0.165,0.871,0.098,1.252,0.069,1.360,0.069,1.273,0.060
2004,9,0.785,0.206,0.871,0.097,1.217,0.069,1.375,0.069,1.270,0.060
2004,10,0.509,0.258,1.034,0.096,1.271,0.071,1.383,0.069,1.259,0.061
2004,11,3.608,0.202,1.146,0.100,1.277,0.071,1.386,0.068,1.264,0.060
2004,12,-1.171,0.180,1.211,0.100,1.265,0.073,1.343,0.067,1.278,0.060
2005,1,3.562,0.147,1.273,0.092,1.265,0.072,1.334,0.067,1.275,0.060
2005,2,0.386,0.214,1.330,0.090,1.287,0.072,1.286,0.068,1.267,0.060
2005,3,1.309,0.145,1.415,0.087,1.311,0.070,1.269,0.067,1.273,0.060
2005,4,1.661,0.243,1.613,0.083,1.353,0.072,1.250,0.068,1.270,0.061
2005,5,2.279,0.163,1.679,0.084,1.382,0.074,1.261,0.068,1.275,0.062
2005,6,1.235,0.191,1.896,0.091,1.493,0.075,1.261,0.069,1.280,0.063
2005,7,1.078,0.155,1.359,0.095,1.492,0.076,1.271,0.069,1.282,0.063
2005,8,0.715,0.159,1.392,0.106,1.535,0.076,1.274,0.069,1.280,0.064
2005,9,1.804,0.175,1.382,0.107,1.575,0.076,1.277,0.070,1.282,0.064
2005,10,2.887,0.198,1.111,0.105,1.567,0.079,1.292,0.070,1.277,0.064
2005,11,4.404,0.149,0.980,0.102,1.562,0.079,1.337,0.070,1.271,0.064
2005,12,1.430,0.230,1.035,0.094,1.573,0.080,1.344,0.070,1.282,0.064
2006,1,-2.885,0.203,0.967,0.102,1.570,0.078,1.366,0.070,1.288,0.064
2006,2,0.790,0.302,0.937,0.096,1.564,0.077,1.366,0.070,1.302,0.064
2006,3,1.184,0.166,0.898,0.094,1.548,0.077,1.394,0.071,1.314,0.064
2006,4,-1.595,0.191,0.671,0.093,1.570,0.076,1.417,0.073,1.331,0.065
2006,5,0.708,0.219,0.459,0.089,1.626,0.076,1.417,0.074,1.334,0.065
2006,6,1.899,0.142,0.645,0.087,1.594,0.075,1.422,0.075,1.343,0.066
2006,7,0.257,0.237,1.457,0.084,1.592,0.075,1.421,0.076,1.345,0.066
2006,8,0.360,0.245,1.368,0.072,1.546,0.076,1.417,0.077,1.356,0.067
2006,9,1.338,0.191,1.521,0.080,1.549,0.077,1.424,0.077,1.370,0.067
2006,10,0.160,0.190,2.004,0.084,1.590,0.077,1.449,0.076,1.371,0.067
2006,11,1.863,0.231,2.084,0.089,1.590,0.079,1.428,0.076,1.356,0.067
2006,12,3.661,0.170,1.967,0.099,1.598,0.080,1.454,0.074,1.358,0.067
2007,1,6.854,0.165,2.036,0.090,1.597,0.081,1.443,0.073,1.366,0.066
2007,2,-0.273,0.131,2.156,0.090,1.603,0.082,1.414,0.073,1.373,0.067
2007,3,3.022,0.168,2.168,0.088,1.618,0.081,1.376,0.074,1.391,0.067
2007,4,4.204,0.236,2.395,0.091,1.646,0.079,1.393,0.075,1.385,0.068
2007,5,1.660,0.232,2.461,0.098,1.588,0.077,1.404,0.076,1.380,0.068
2007,6,0.502,0.221,2.432,0.100,1.574,0.076,1.416,0.078,1.383,0.069
2007,7,1.086,0.157,2.003,0.095,1.494,0.076,1.420,0.079,1.387,0.069
2007,8,1.791,0.159,2.385,0.100,1.461,0.078,1.419,0.080,1.392,0.069
2007,9,1.489,0.131,2.564,0.100,1.447,0.078,1.432,0.080,1.393,0.069
2007,10,2.882,0.251,2.282,0.098,1.435,0.079,1.445,0.080,1.387,0.069
2007,11,2.660,0.170,2.246,0.097,1.439,0.081,1.457,0.081,1.398,0.069
2007,12,3.303,0.154,2.293,0.096,1.443,0.082,1.471,0.081,1.421,0.070
2008,1,1.713,0.158,2.256,0.095,1.453,0.081,1.457,0.080,1.430,0.069
2008,2,4.310,0.183,2.195,0.098,1.461,0.082,1.453,0.080,1.438,0.069
2008,3,5.171,0.179,2.092,0.099,1.437,0.082,1.420,0.080,1.431,0.069
2008,4,0.811,0.203,2.139,0.091,1.417,0.082,1.430,0.081,1.445,0.069
2008,5,1.234,0.181,2.202,0.087,1.409,0.080,1.438,0.082,1.450,0.070
2008,6,1.069,0.177,2.099,0.086,1.368,0.079,1.448,0.083,1.452,0.071
2008,7,0.642,0.135,2.145,0.085,1.444,0.078,1.448,0.083,1.449,0.071
2008,8,1.053,0.132,1.712,0.088,1.432,0.076,1.446,0.083,1.449,0.071
2008,9,0.256,0.140,1.405,0.087,1.486,0.079,1.434,0.084,1.461,0.072
2008,10,3.442,0.159,1.519,0.088,1.578,0.080,1.423,0.084,1.482,0.072
2008,11,3.413,0.146,1.492,0.087,1.601,0.083,1.469,0.083,1.504,0.072
2008,12,2.073,0.146,1.482,0.095,1.601,0.085,1.478,0.082,1.505,0.072
2009,1,2.266,0.179,1.451,0.103,1.617,0.086,1.452,0.082,1.515,0.072
2009,2,-0.882,0.188,1.400,0.113,1.622,0.089,1.446,0.082,1.517,0.072
2009,3,1.477,0.210,1.515,0.115,1.611,0.089,1.479,0.083,1.553,0.072
2009,4,2.190,0.185,1.410,0.116,1.663,0.088,1.514,0.084,1.564,0.073
2009,5,0.904,0.253,1.141,0.109,1.652,0.086,1.523,0.085,1.569,0.074
2009,6,0.955,0.272,0.797,0.108,1.643,0.085,1.526,0.085,1.575,0.074
2009,7,0.271,0.222,0.509,0.110,1.552,0.082,1.524,0.085,1.571,0.074
2009,8,0.429,0.221,0.449,0.108,1.576,0.084,1.536,0.086,1.577,0.075
2009,9,1.639,0.166,0.362,0.104,1.535,0.084,1.531,0.086,1.581,0.075
2009,10,2.186,0.199,0.259,0.104,1.515,0.085,1.526,0.086,1.587,0.075
2009,11,0.182,0.141,0.393,0.110,1.531,0.088,1.506,0.084,1.595,0.075
2009,12,-2.052,0.215,0.437,0.112,1.567,0.090,1.537,0.083,1.593,0.075
2010,1,-1.194,0.184,0.554,0.107,1.575,0.092,1.534,0.083,1.619,0.074
2010,2,-1.603,0.173,0.618,0.102,1.550,0.095,1.575,0.083,1.632,0.074
2010,3,0.435,0.198,0.511,0.103,1.552,0.096,1.600,0.084,1.646,0.074
2010,4,0.956,0.202,0.473,0.106,1.537,0.094,1.605,0.085,1.652,0.075
2010,5,2.513,0.257,0.782,0.103,1.533,0.093,1.603,0.086,1.660,0.075
2010,6,1.477,0.263,0.869,0.098,1.450,0.092,1.609,0.086,1.661,0.076
2010,7,1.681,0.176,1.104,0.098,1.422,0.089,1.604,0.087,1.665,0.077
2010,8,1.195,0.157,1.245,0.101,1.370,0.089,1.604,0.087,1.666,0.077
2010,9,0.357,0.191,1.579,0.110,1.265,0.090,1.599,0.088,1.676,0.077
2010,10,1.726,0.185,1.824,0.111,1.293,0.090,1.584,0.087,1.690,0.078
2010,11,3.899,0.197,1.788,0.111,1.315,0.090,1.561,0.087,1.719,0.078
2010,12,-1.010,0.158,1.828,0.110,1.322,0.092,1.582,0.086,1.731,0.077
2011,1,1.624,0.223,1.785,0.118,1.327,0.094,1.625,0.085,NaN,NaN
2011,2,0.082,0.205,1.744,0.125,1.328,0.096,1.667,0.084,NaN,NaN
2011,3,4.454,0.216,1.771,0.123,1.320,0.097,1.694,0.084,NaN,NaN
2011,4,3.889,0.196,1.899,0.118,1.277,0.098,1.740,0.086,NaN,NaN
2011,5,2.084,0.266,1.674,0.120,1.312,0.096,1.747,0.087,NaN,NaN
2011,6,1.953,0.227,2.018,0.115,1.361,0.095,1.748,0.087,NaN,NaN
2011,7,1.170,0.297,1.997,0.103,1.311,0.095,1.757,0.088,NaN,NaN
2011,8,0.694,0.228,2.089,0.103,1.347,0.094,1.770,0.089,NaN,NaN
2011,9,0.682,0.182,1.765,0.100,1.410,0.095,1.775,0.089,NaN,NaN
2011,10,3.266,0.129,1.693,0.103,1.438,0.095,1.779,0.088,NaN,NaN
2011,11,1.198,0.209,1.734,0.103,1.455,0.096,1.757,0.087,NaN,NaN
2011,12,3.115,0.198,1.797,0.109,1.454,0.097,1.730,0.087,NaN,NaN
2012,1,1.381,0.203,1.826,0.107,1.452,0.096,1.694,0.086,NaN,NaN
2012,2,1.186,0.191,1.797,0.111,1.470,0.097,1.732,0.086,NaN,NaN
2012,3,0.565,0.204,1.874,0.114,1.444,0.098,1.770,0.086,NaN,NaN
2012,4,3.022,0.194,1.762,0.116,1.407,0.099,1.759,0.087,NaN,NaN
2012,5,2.574,0.306,1.864,0.120,1.423,0.098,1.747,0.088,NaN,NaN
2012,6,2.710,0.292,1.466,0.123,1.501,0.097,1.753,0.089,NaN,NaN
2012,7,1.520,0.250,1.353,0.124,1.573,0.096,1.747,0.089,NaN,NaN
2012,8,0.342,0.261,1.357,0.117,1.689,0.095,1.744,0.091,NaN,NaN
2012,9,1.608,0.197,1.212,0.112,1.753,0.097,1.735,0.091,NaN,NaN
2012,10,1.927,0.196,1.170,0.108,1.775,0.099,1.721,0.090,NaN,NaN
2012,11,2.424,0.185,1.166,0.103,1.767,0.099,1.721,0.089,NaN,NaN
2012,12,-1.672,0.249,1.069,0.102,1.775,0.098,1.723,0.089,NaN,NaN
2013,1,0.027,0.177,1.017,0.107,1.756,0.100,1.730,0.089,NaN,NaN
2013,2,1.233,0.252,1.081,0.108,1.748,0.100,1.718,0.090,NaN,NaN
2013,3,-1.175,0.173,0.928,0.108,1.760,0.100,1.676,0.090,NaN,NaN
2013,4,2.525,0.204,0.842,0.106,1.751,0.101,1.690,0.091,NaN,NaN
2013,5,2.529,0.205,1.097,0.102,1.712,0.101,1.686,0.092,NaN,NaN
2013,6,1.538,0.262,1.657,0.097,1.795,0.101,1.692,0.092,NaN,NaN
2013,7,0.903,0.220,1.590,0.104,1.806,0.100,1.692,0.093,NaN,NaN
2013,8,1.108,0.213,1.595,0.107,1.902,0.100,1.694,0.094,NaN,NaN
2013,9,-0.234,0.199,2.134,0.113,1.903,0.099,1.707,0.094,NaN,NaN
2013,10,0.896,0.178,2.244,0.115,1.902,0.101,1.715,0.094,NaN,NaN
2013,11,5.482,0.175,2.196,0.114,1.893,0.101,1.701,0.094,NaN,NaN
2013,12,5.055,0.223,2.142,0.114,1.894,0.101,1.691,0.094,NaN,NaN
2014,1,-0.776,0.249,2.077,0.110,1.898,0.101,1.695,0.094,NaN,NaN
2014,2,1.291,0.250,2.109,0.114,1.917,0.101,1.735,0.094,NaN,NaN
2014,3,5.287,0.282,2.139,0.116,1.939,0.101,1.767,0.094,NaN,NaN
2014,4,3.856,0.212,2.059,0.124,1.895,0.102,1.773,0.094,NaN,NaN
2014,5,1.947,0.190,1.698,0.121,1.863,0.101,1.781,0.096,NaN,NaN
2014,6,0.890,0.267,1.494,0.128,1.817,0.100,1.787,0.096,NaN,NaN
2014,7,0.118,0.235,1.820,0.128,1.836,0.100,1.789,0.096,NaN,NaN
2014,8,1.495,0.237,2.158,0.120,1.888,0.099,1.794,0.096,NaN,NaN
2014,9,0.127,0.180,2.076,0.122,2.005,0.098,1.787,0.096,NaN,NaN
2014,10,-0.065,0.218,1.942,0.123,2.003,0.099,1.791,0.096,NaN,NaN
2014,11,1.154,0.221,1.948,0.124,1.964,0.099,1.803,0.096,NaN,NaN
2014,12,2.609,0.366,2.039,0.121,1.938,0.099,1.843,0.096,NaN,NaN
2015,1,3.130,0.224,2.073,0.127,1.918,0.100,1.905,0.095,NaN,NaN
2015,2,5.343,0.193,2.010,0.122,1.938,0.101,1.977,0.095,NaN,NaN
2015,3,4.313,0.217,2.090,0.120,1.917,0.101,2.024,0.095,NaN,NaN
2015,4,2.239,0.332,2.191,0.117,1.905,0.101,2.053,0.097,NaN,NaN
2015,5,2.028,0.336,2.227,0.122,1.908,0.101,2.060,0.097,NaN,NaN
2015,6,1.977,0.250,2.339,0.121,1.996,0.101,2.062,0.097,NaN,NaN
2015,7,0.532,0.233,2.268,0.119,2.038,0.103,2.058,0.098,NaN,NaN
2015,8,0.732,0.162,2.310,0.121,2.065,0.103,2.058,0.098,NaN,NaN
2015,9,1.094,0.192,2.326,0.117,2.088,0.103,2.075,0.099,NaN,NaN
2015,10,1.146,0.217,2.459,0.119,2.086,0.104,2.087,0.099,NaN,NaN
2015,11,1.584,0.226,2.420,0.122,2.058,0.106,2.101,0.099,NaN,NaN
2015,12,3.956,0.258,2.421,0.120,2.061,0.105,2.119,0.098,NaN,NaN
2016,1,2.270,0.330,2.498,0.118,2.058,0.106,NaN,NaN,NaN,NaN
2016,2,5.851,0.179,2.588,0.116,2.061,0.106,NaN,NaN,NaN,NaN
2016,3,4.502,0.222,2.666,0.116,2.094,0.107,NaN,NaN,NaN,NaN
2016,4,3.841,0.222,2.622,0.113,2.154,0.107,NaN,NaN,NaN,NaN
2016,5,1.551,0.240,2.428,0.111,2.090,0.107,NaN,NaN,NaN,NaN
2016,6,1.992,0.268,2.130,0.108,2.021,0.108,NaN,NaN,NaN,NaN
2016,7,1.450,0.236,2.152,0.102,2.080,0.107,NaN,NaN,NaN,NaN
2016,8,1.813,0.165,2.021,0.102,2.122,0.106,NaN,NaN,NaN,NaN
2016,9,2.036,0.144,2.278,0.098,2.124,0.105,NaN,NaN,NaN,NaN
2016,10,0.620,0.216,2.197,0.098,2.107,0.106,NaN,NaN,NaN,NaN
2016,11,-0.749,0.254,2.088,0.097,2.106,0.108,NaN,NaN,NaN,NaN
2016,12,0.382,0.200,2.019,0.098,2.120,0.108,NaN,NaN,NaN,NaN
2017,1,2.531,0.244,1.927,0.100,2.125,0.108,NaN,NaN,NaN,NaN
2017,2,4.286,0.188,1.903,0.107,2.119,0.107,NaN,NaN,NaN,NaN
2017,3,7.578,0.138,1.762,0.105,2.129,0.107,NaN,NaN,NaN,NaN
2017,4,2.872,0.213,1.810,0.108,2.176,0.106,NaN,NaN,NaN,NaN
2017,5,0.244,0.186,2.092,0.107,2.183,0.106,NaN,NaN,NaN,NaN
2017,6,1.160,0.222,2.361,0.112,2.186,0.105,NaN,NaN,NaN,NaN
2017,7,0.355,0.170,2.358,0.118,2.236,0.103,NaN,NaN,NaN,NaN
2017,8,1.525,0.199,2.241,0.125,2.265,0.103,NaN,NaN,NaN,NaN
2017,9,0.336,0.186,1.627,0.126,2.294,0.102,NaN,NaN,NaN,NaN
2017,10,1.201,0.228,1.589,0.131,2.332,0.102,NaN,NaN,NaN,NaN
2017,11,2.636,0.185,1.638,0.137,2.353,0.103,NaN,NaN,NaN,NaN
2017,12,3.610,0.167,1.685,0.136,2.349,0.104,NaN,NaN,NaN,NaN
2018,1,2.494,0.205,1.714,0.138,2.361,0.105,NaN,NaN,NaN,NaN
2018,2,2.883,0.251,1.695,0.141,2.367,0.105,NaN,NaN,NaN,NaN
2018,3,0.207,0.204,1.815,0.143,2.390,0.106,NaN,NaN,NaN,NaN
2018,4,2.422,0.230,2.087,0.136,2.423,0.107,NaN,NaN,NaN,NaN
2018,5,0.822,0.329,2.003,0.131,2.489,0.107,NaN,NaN,NaN,NaN
2018,6,1.734,0.266,1.779,0.135,2.443,0.103,NaN,NaN,NaN,NaN
2018,7,0.700,0.200,1.804,0.131,NaN,NaN,NaN,NaN,NaN,NaN
2018,8,1.296,0.273,1.881,0.130,NaN,NaN,NaN,NaN,NaN,NaN
2018,9,1.769,0.217,2.311,0.130,NaN,NaN,NaN,NaN,NaN,NaN
2018,10,4.467,0.150,2.349,0.130,NaN,NaN,NaN,NaN,NaN,NaN
2018,11,1.636,0.183,2.434,0.128,NaN,NaN,NaN,NaN,NaN,NaN
2018,12,0.919,0.196,2.435,0.130,NaN,NaN,NaN,NaN,NaN,NaN
2019,1,2.794,0.130,2.415,0.124,NaN,NaN,NaN,NaN,NaN,NaN
2019,2,3.808,0.168,2.399,0.117,NaN,NaN,NaN,NaN,NaN,NaN
2019,3,5.370,0.223,2.315,0.117,NaN,NaN,NaN,NaN,NaN,NaN
2019,4,2.878,0.245,2.170,0.124,NaN,NaN,NaN,NaN,NaN,NaN
2019,5,1.840,0.275,2.166,0.127,NaN,NaN,NaN,NaN,NaN,NaN
2019,6,1.744,0.257,2.318,0.123,NaN,NaN,NaN,NaN,NaN,NaN
2019,7,0.455,0.193,2.601,0.120,NaN,NaN,NaN,NaN,NaN,NaN
2019,8,1.104,0.227,2.872,0.118,NaN,NaN,NaN,NaN,NaN,NaN
2019,9,0.762,0.193,2.930,0.120,NaN,NaN,NaN,NaN,NaN,NaN
2019,10,2.724,0.215,3.065,0.117,NaN,NaN,NaN,NaN,NaN,NaN
2019,11,1.594,0.180,3.184,0.115,NaN,NaN,NaN,NaN,NaN,NaN
2019,12,2.748,0.174,3.184,0.114,NaN,NaN,NaN,NaN,NaN,NaN
2020,1,6.179,0.171,3.253,0.122,NaN,NaN,NaN,NaN,NaN,NaN
2020,2,7.065,0.196,3.251,0.118,NaN,NaN,NaN,NaN,NaN,NaN
2020,3,6.071,0.199,3.395,0.119,NaN,NaN,NaN,NaN,NaN,NaN
2020,4,4.496,0.212,3.424,0.123,NaN,NaN,NaN,NaN,NaN,NaN
2020,5,3.260,0.305,3.756,0.125,NaN,NaN,NaN,NaN,NaN,NaN
2020,6,1.749,0.261,3.628,0.111,NaN,NaN,NaN,NaN,NaN,NaN
2020,7,1.278,0.271,NaN,NaN,NaN,NaN,NaN,NaN,NaN,NaN
2020,8,1.085,0.167,NaN,NaN,NaN,NaN,NaN,NaN,NaN,NaN
2020,9,2.495,0.229,NaN,NaN,NaN,NaN,NaN,NaN,NaN,NaN
2020,10,3.071,0.257,NaN,NaN,NaN,NaN,NaN,NaN,NaN,NaN
2020,11,5.575,0.257,NaN,NaN,NaN,NaN,NaN,NaN,NaN,NaN
2020,12,1.206,0.293,NaN,NaN,NaN,NaN,NaN,NaN,NaN,NaN
